POC;Control ON/OFF;SP;PV;PVavg;PID;EST;;;e;Se;de
;1;7.62824;9.01009;9.01009;6.74386;6.65116;;;-0.552739;-1.16075;-0.552739
8;1;7.62824;7.01139;8.01074;7.41501;6.65116;;;0.246739;-0.6426;0.799478
9;1;7.62824;5.68978;7.23709;7.97952;6.65116;;;0.775386;0.985711;0.528647
10;1;7.62824;6.44039;7.03791;7.61308;6.65116;;;0.475142;0.997799;-0.300244
11;1;7.62824;5.94111;6.81855;9.23066;6.65116;;;0.674853;2.41499;0.19971
12;1;7.62824;7.24541;6.88969;9.61339;6.65116;;;0.153131;2.73657;-0.521721
13;1;7.62824;5.89417;6.74748;11.3215;6.65116;;;0.693629;4.19319;0.540497
14;1;7.62824;6.43162;6.70799;7.70045;6.65116;;;0.478649;1.00516;-0.21498
15;1;7.62824;6.03585;6.63331;9.17388;6.65116;;;0.636955;2.34277;0.158306
16;1;7.62824;7.29858;6.69984;9.54504;6.65116;;;0.131863;2.61968;-0.505092
17;1;7.62824;6.07311;6.64286;11.1113;6.65116;;;0.622053;3.92599;0.49019
18;1;7.62824;6.4334;6.62541;7.77089;6.65116;;;0.477936;1.00367;-0.144116
19;1;7.62824;6.06783;6.58252;9.15263;6.65116;;;0.624163;2.31441;0.146227
20;1;7.62824;7.23354;6.62902;9.5711;6.65116;;;0.157882;2.64596;-0.466282
21;1;7.62824;5.75365;6.57066;11.3161;6.65116;;;0.749837;4.22062;0.591955
22;1;7.62824;6.3712;6.55819;7.68291;6.65116;;;0.502814;1.05591;-0.247022
23;1;7.62824;5.98379;6.52441;9.23378;6.65116;;;0.657779;2.43725;0.154965
24;1;7.62824;7.24101;6.56422;9.65554;6.65116;;;0.154894;2.76252;-0.502885
25;1;7.62824;5.8244;6.52528;11.3903;6.65116;;;0.721534;4.27775;0.56664
26;1;7.62824;6.39066;6.51855;7.69876;6.65116;;;0.495031;1.03957;-0.226503
27;1;7.62824;6.03369;6.49546;9.19328;6.65116;;;0.637819;2.37898;0.142788
28;1;7.62824;7.29529;6.53182;9.58249;6.65116;;;0.133179;2.65866;-0.50464
29;1;7.62824;5.91423;6.50497;11.2507;6.65116;;;0.685602;4.09843;0.552423
30;1;7.62824;6.40613;6.50085;7.72479;6.65116;;;0.488846;1.02658;-0.196756
31;1;7.62824;6.00015;6.48082;9.20795;6.65116;;;0.651235;2.39417;0.162389
32;1;7.62824;7.20368;6.50862;9.64289;6.65116;;;0.169823;2.7508;-0.481412
33;1;7.62824;5.93724;6.48746;11.2915;6.65116;;;0.6764;4.17124;0.506577
34;1;7.62824;6.40743;6.4846;7.73316;6.65116;;;0.488323;1.02548;-0.188077
35;1;7.62824;5.92585;6.46533;9.25493;6.65116;;;0.680958;2.45549;0.192635
36;1;7.62824;7.10719;6.48673;9.73625;6.65116;;;0.208422;2.89318;-0.472536
37;1;7.62824;5.86563;6.46669;11.4411;6.65116;;;0.705044;4.37377;0.496622
38;1;7.62824;6.24261;6.45969;7.81;6.65116;;;0.554253;1.16393;-0.150791
39;1;7.62824;5.74795;6.43812;9.4413;6.65116;;;0.752116;2.74338;0.197863
40;1;7.62824;6.96396;6.45359;10.0446;6.65116;;;0.265714;3.30137;-0.486402
41;1;7.62824;5.58968;6.42891;11.9686;6.65116;;;0.815424;5.01377;0.54971
42;1;7.62824;6.09447;6.41962;7.79443;6.65116;;;0.613507;1.28836;-0.201918
43;1;7.62824;5.6612;6.39912;9.562;6.65116;;;0.786817;2.94068;0.17331
44;1;7.62824;6.90083;6.41232;10.2476;6.65116;;;0.290963;3.5517;-0.495854
45;1;7.62824;5.55214;6.39027;12.2177;6.65116;;;0.830442;5.29563;0.539479
46;1;7.62824;6.07937;6.38249;7.78907;6.65116;;;0.619547;1.30105;-0.210895
47;1;7.62824;5.61677;6.36382;9.59708;6.65116;;;0.804589;2.99068;0.185042
48;1;7.62824;7.04677;6.38008;10.1865;6.65116;;;0.232589;3.47912;-0.572
49;1;7.62824;5.67343;6.36364;12.1259;6.65116;;;0.781926;5.12116;0.549337
50;1;7.62824;6.28601;6.36188;7.70534;6.65116;;;0.536891;1.12747;-0.245035
51;1;7.62824;5.84999;6.3505;9.3569;6.65116;;;0.711299;2.6212;0.174408
52;1;7.62824;7.20981;6.36918;9.80594;6.65116;;;0.167372;2.97268;-0.543927
53;1;7.62824;5.84359;6.358;11.5757;6.65116;;;0.713859;4.47178;0.546486
54;1;7.62824;6.34896;6.35781;7.73312;6.65116;;;0.511713;1.0746;-0.202146
55;1;7.62824;5.87522;6.34796;9.31306;6.65116;;;0.701207;2.54713;0.189494
56;1;7.62824;7.15469;6.3641;9.77724;6.65116;;;0.189422;2.94492;-0.511785
57;1;7.62824;5.78291;6.3527;11.5648;6.65116;;;0.738134;4.495;0.548712
58;1;7.62824;6.22494;6.35025;7.78822;6.65116;;;0.561321;1.17877;-0.176813
59;1;7.62824;5.77737;6.33944;9.43025;6.65116;;;0.740347;2.7335;0.179026
60;1;7.62824;7.05768;6.35274;9.98656;6.65116;;;0.228224;3.21277;-0.512123
61;1;7.62824;5.71834;6.3412;11.8351;6.65116;;;0.763959;4.81709;0.535735
62;1;7.62824;6.31548;6.34074;7.70445;6.65116;;;0.525103;1.10272;-0.238856
63;1;7.62824;5.82341;6.33167;9.36095;6.65116;;;0.721933;2.61878;0.196831
64;1;7.62824;7.0636;6.34429;9.88645;6.65116;;;0.225855;3.09307;-0.496078
65;1;7.62824;5.64811;6.33249;11.7627;6.65116;;;0.792053;4.75638;0.566197
66;1;7.62824;6.23213;6.33082;7.7297;6.65116;;;0.558443;1.17273;-0.23361
67;1;7.62824;5.85692;6.32305;9.37617;6.65116;;;0.708527;2.66064;0.150084
68;1;7.62824;7.05856;6.33491;9.94495;6.65116;;;0.227874;3.13917;-0.480653
69;1;7.62824;5.70437;6.3249;11.7708;6.65116;;;0.769549;4.75522;0.541675
70;1;7.62824;6.15307;6.32222;7.8028;6.65116;;;0.590067;1.23914;-0.179482
71;1;7.62824;5.75975;6.31356;9.47315;6.65116;;;0.747397;2.80867;0.15733
72;1;7.62824;7.0392;6.32456;10.0665;6.65116;;;0.235618;3.30347;-0.511779
73;1;7.62824;5.67077;6.3148;11.9489;6.65116;;;0.782989;4.94775;0.547371
74;1;7.62824;6.12378;6.31199;7.80811;6.65116;;;0.601784;1.26375;-0.181205
75;1;7.62824;5.73765;6.30367;9.50018;6.65116;;;0.756235;2.85184;0.154451
76;1;7.62824;7.01644;6.31385;10.1154;6.65116;;;0.244722;3.36576;-0.511513
77;1;7.62824;5.62766;6.30418;12.0296;6.65116;;;0.800231;5.04624;0.555509
78;1;7.62824;6.13309;6.30181;7.78491;6.65116;;;0.598062;1.25593;-0.202168
79;1;7.62824;5.6999;6.29356;9.52025;6.65116;;;0.771337;2.87574;0.173275
80;1;7.62824;6.97391;6.30276;10.1514;6.65116;;;0.261733;3.42538;-0.509605
81;1;7.62824;5.62342;6.2937;12.075;6.65116;;;0.801929;5.10943;0.540197
82;1;7.62824;6.15424;6.29186;7.76967;6.65116;;;0.5896;1.23816;-0.212329
83;1;7.62824;5.59832;6.28286;9.57595;6.65116;;;0.811969;2.9433;0.222369
84;1;7.62824;6.88919;6.29063;10.2326;6.65116;;;0.295619;3.56409;-0.51635
85;1;7.62824;5.56283;6.28142;12.2186;6.65116;;;0.826166;5.29904;0.530547
86;1;7.62824;6.04828;6.2785;7.81325;6.65116;;;0.631983;1.32716;-0.194183
87;1;7.62824;5.56556;6.2697;9.64354;6.65116;;;0.825073;3.05982;0.19309
88;1;7.62824;6.84379;6.2767;10.365;6.65116;;;0.313782;3.71876;-0.511291
89;1;7.62824;5.46357;6.26691;12.4186;6.65116;;;0.865869;5.53708;0.552087
90;1;7.62824;6.00259;6.26376;7.80279;6.65116;;;0.65026;1.36555;-0.215609
91;1;7.62824;5.50685;6.25485;9.70122;6.65116;;;0.848558;3.14752;0.198298
92;1;7.62824;6.93596;6.26277;10.3703;6.65116;;;0.276911;3.72903;-0.571646
93;1;7.62824;5.4932;6.25393;12.4468;6.65116;;;0.854017;5.52247;0.577105
94;1;7.62824;5.99676;6.25101;7.81837;6.65116;;;0.652592;1.37044;-0.201425
95;1;7.62824;5.58883;6.24357;9.65131;6.65116;;;0.815763;3.08355;0.163171
96;1;7.62824;6.95209;6.25144;10.3288;6.65116;;;0.270459;3.65151;-0.545304
97;1;7.62824;5.60686;6.24436;12.303;6.65116;;;0.808553;5.34947;0.538094
98;1;7.62824;6.02857;6.24201;7.84348;6.65116;;;0.639869;1.34373;-0.168684
99;1;7.62824;5.58184;6.23491;9.64179;6.65116;;;0.818561;3.0627;0.178692
100;1;7.62824;6.89132;6.24189;10.344;6.65116;;;0.294767;3.68171;-0.523794
101;1;7.62824;5.51569;6.23425;12.3672;6.65116;;;0.84502;5.45625;0.550253
102;1;7.62824;5.99893;6.2318;7.82598;6.65116;;;0.651724;1.36862;-0.193296
103;1;7.62824;5.56285;6.2249;9.66699;6.65116;;;0.826156;3.10355;0.174432
104;1;7.62824;6.89247;6.23171;10.3765;6.65116;;;0.294309;3.7216;-0.531847
105;1;7.62824;5.40992;6.22341;12.4753;6.65116;;;0.887327;5.58498;0.593018
106;1;7.62824;5.99695;6.22115;7.78494;6.65116;;;0.652517;1.37029;-0.23481
107;1;7.62824;5.47208;6.21373;9.72595;6.65116;;;0.862465;3.18146;0.209948
108;1;7.62824;6.81164;6.21959;10.4699;6.65116;;;0.326639;3.86741;-0.535827
109;1;7.62824;5.36899;6.21134;12.6149;6.65116;;;0.903701;5.76518;0.577063
110;1;7.62824;5.93911;6.20872;7.80558;6.65116;;;0.675652;1.41887;-0.228049
111;1;7.62824;5.49625;6.20193;9.73593;6.65116;;;0.852796;3.20974;0.177144
112;1;7.62824;6.84832;6.20803;10.4843;6.65116;;;0.311968;3.86487;-0.540828
113;1;7.62824;5.38699;6.20036;12.6156;6.65116;;;0.896502;5.74753;0.584534
114;1;7.62824;5.92793;6.19783;7.81994;6.65116;;;0.680125;1.42826;-0.216378
115;1;7.62824;5.41777;6.19068;9.79108;6.65116;;;0.884189;3.28506;0.204065
116;1;7.62824;6.81125;6.19632;10.552;6.65116;;;0.326795;3.97133;-0.557395
117;1;7.62824;5.30384;6.18828;12.7604;6.65116;;;0.92976;5.92382;0.602965
118;1;7.62824;5.85443;6.1853;7.83372;6.65116;;;0.709526;1.49;-0.220234
119;1;7.62824;5.3456;6.17787;9.86961;6.65116;;;0.913055;3.40742;0.203529
120;1;7.62824;6.75664;6.18294;10.6804;6.65116;;;0.348641;4.13957;-0.564413
121;1;7.62824;5.17775;6.1742;12.9875;6.65116;;;0.980197;6.19798;0.631556
122;1;7.62824;5.82833;6.17122;7.79998;6.65116;;;0.719963;1.51192;-0.260235
123;1;7.62824;5.34835;6.16419;9.87933;6.65116;;;0.911956;3.42703;0.191993
124;1;7.62824;6.65853;6.16838;10.7639;6.65116;;;0.387886;4.24159;-0.52407
125;1;7.62824;5.35901;6.16158;12.9343;6.65116;;;0.907693;6.14775;0.519807
126;1;7.62824;5.80252;6.15858;7.88901;6.65116;;;0.730287;1.5336;-0.177407
127