POC;Control ON/OFF;SP;PV;PVavg;PID;EST;;;e;Se;de
;1;3.67972;4.64673;4.64673;3.06084;3.0568;;;-0.386803;-0.812287;-0.386803
8;1;3.67972;4.2957;4.47122;2.86001;2.8546;;;-0.246392;-1.32971;0.140411
9;1;3.67972;2.98353;3.97532;3.04197;3.03301;;;0.278477;-0.744909;0.524869
10;1;3.67972;3.46936;3.84883;3.53588;3.53256;;;0.0841448;0.176704;-0.194332
11;1;3.67972;2.89001;3.65707;4.2777;4.27;;;0.315887;0.840066;0.231742
12;1;3.67972;4.965;3.87506;3.38133;3.37794;;;-0.51411;-0.239565;-0.829997
13;1;3.67972;2.61448;3.69497;4.63603;4.62683;;;0.426098;0.655242;0.940208
14;1;3.67972;4.24575;3.76382;2.89137;2.89028;;;-0.226412;-0.475465;-0.65251
15;1;3.67972;3.01291;3.68039;3.85743;3.85371;;;0.266726;0.0846586;0.493138
16;1;3.67972;4.6408;3.77643;2.88257;2.87839;;;-0.384432;-0.722648;-0.651157
17;1;3.67972;3.34224;3.73696;3.5575;3.55635;;;0.134994;-0.43916;0.519426
18;1;3.67972;3.09942;3.68383;3.91613;3.91318;;;0.232123;0.487458;0.0971284
19;1;3.67972;2.89848;3.62342;4.43505;4.42463;;;0.312496;1.1437;0.0803736
20;1;3.67972;5.30018;3.74319;3.47384;3.47309;;;-0.64818;-0.217478;-0.960676
21;1;3.67972;2.63443;3.66927;4.77941;4.76956;;;0.418116;0.660567;1.0663
22;1;3.67972;4.75896;3.73737;2.5709;2.56914;;;-0.431693;-0.906555;-0.849809
23;1;3.67972;2.51435;3.66543;3.95071;3.94886;;;0.466152;0.0723643;0.897845
24;1;3.67972;4.6954;3.72265;2.63591;2.62861;;;-0.406268;-0.780799;-0.87242
25;1;3.67972;3.63602;3.71809;3.33317;3.33036;;;0.017482;-0.744087;0.42375
26;1;3.67972;3.26305;3.69534;3.92891;3.92507;;;0.166668;0.350004;0.149186
27;1;3.67972;2.80733;3.65305;4.4214;4.41273;;;0.34896;1.08282;0.182292
28;1;3.67972;5.20522;3.72361;3.43727;3.42552;;;-0.610199;-0.198598;-0.959159
29;1;3.67972;2.74829;3.6812;4.68745;4.6863;;;0.372575;0.58381;0.982774
30;1;3.67972;4.61095;3.71994;2.71117;2.69997;;;-0.37249;-0.78223;-0.745066
31;1;3.67972;2.48316;3.67047;4.03579;4.03212;;;0.478626;0.222886;0.851117
32;1;3.67972;4.58048;3.70547;2.8475;2.8427;;;-0.360303;-0.533751;-0.83893
33;1;3.67972;3.49019;3.6975;3.62758;3.61582;;;0.075814;-0.374542;0.436117
34;1;3.67972;2.98962;3.67222;4.04558;4.04401;;;0.276044;0.579692;0.20023
35;1;3.67972;2.71975;3.63937;4.59776;4.59114;;;0.383992;1.38608;0.107948
36;1;3.67972;6.00592;3.71826;3.19305;3.18763;;;-0.930476;-0.567925;-1.31447
37;1;3.67972;2.89605;3.69173;4.54383;4.54357;;;0.313469;0.0903596;1.24395
38;1;3.67972;3.69697;3.6919;3.35522;3.35415;;;-0.0068964;-0.0144824;-0.320365
39;1;3.67972;2.81082;3.6652;4.22824;4.22242;;;0.347562;0.715399;0.354459
40;1;3.67972;4.2906;3.68359;3.6566;3.65151;;;-0.244349;0.202266;-0.591911
41;1;3.67972;2.81795;3.65886;4.67788;4.6744;;;0.34471;0.926157;0.589059
42;1;3.67972;4.16824;3.67301;3.02237;3.02112;;;-0.195406;-0.410352;-0.540116
43;1;3.67972;3.08337;3.65707;3.84645;3.84181;;;0.238543;0.090589;0.433949
44;1;3.67972;3.82152;3.6614;3.44102;3.43741;;;-0.0567172;-0.0285172;-0.29526
45;1;3.67972;2.88005;3.64137;4.21972;4.21053;;;0.31987;0.643211;0.376588
46;1;3.67972;2.89513;3.62271;3.862;3.85371;;;0.31384;0.659063;-0.0060308
47;1;3.67972;2.95164;3.60634;4.49092;4.4841;;;0.291235;1.27066;-0.0226048
48;1;3.67972;5.35074;3.64788;3.5897;3.58014;;;-0.668407;-0.132998;-0.959642
49;1;3.67972;2.79571;3.62806;4.7809;4.76956;;;0.353606;0.609574;1.02201
50;1;3.67972;4.52658;3.64848;2.78413;2.78323;;;-0.33874;-0.711355;-0.692346
51;1;3.67972;2.98521;3.63374;3.7516;3.74666;;;0.277807;-0.12796;0.616548
52;1;3.67972;4.21239;3.64632;2.93305;2.92596;;;-0.213066;-0.575398;-0.490873
53;1;3.67972;3.06116;3.63387;3.71327;3.71098;;;0.247424;-0.0558079;0.46049
54;1;3.67972;2.80879;3.61668;3.9897;3.98454;;;0.348372;0.731581;0.100948
55;1;3.67972;2.74739;3.59894;4.65963;4.65061;;;0.372934;1.51474;0.0245624
56;1;3.67972;6.29463;3.65285;3.148;3.14006;;;-1.04596;-0.681776;-1.4189
57;1;3.67972;2.77668;3.63567;4.62186;4.61493;;;0.361219;0.0767836;1.40718
58;1;3.67972;4.01542;3.64298;3.10366;3.09248;;;-0.134279;-0.281986;-0.495498
59;1;3.67972;3.64309;3.64298;3.55546;3.54446;;;0.0146528;-0.251215;0.148932
60;1;3.67972;3.82731;3.64639;3.3194;3.31847;;;-0.0590324;-0.375183;-0.0736852
61;1;3.67972;2.48263;3.62523;4.12971;4.12727;;;0.478836;0.630373;0.537869
62;1;3.67972;2.90136;3.61231;3.69904;3.68719;;;0.311348;0.65383;-0.167489
63;1;3.67972;2.89844;3.59978;4.52223;4.51978;;;0.312515;1.31011;0.0011672
64;1;3.67972;5.66451;3.63538;3.40706;3.40173;;;-0.793912;-0.357105;-1.10643
65;1;3.67972;2.56957;3.61732;4.82703;4.81713;;;0.444062;0.575424;1.23797
66;1;3.67972;4.48393;3.63176;2.72097;2.71187;;;-0.32168;-0.675529;-0.765742
67;1;3.67972;3.07367;3.62261;3.71375;3.71098;;;0.242424;-0.166439;0.564104
68;1;3.67972;4.13577;3.63089;2.97899;2.97354;;;-0.182419;-0.54952;-0.424843
69;1;3.67972;2.93579;3.61985;3.78874;3.78234;;;0.297574;0.0753866;0.479994
70;1;3.67972;2.78753;3.60685;3.95315;3.94886;;;0.356878;0.749443;0.0593032
71;1;3.67972;2.70325;3.59295;4.69723;4.6863;;;0.390588;1.56968;0.0337108
72;1;3.67972;5.96216;3.62884;3.39806;3.38983;;;-0.912972;-0.347563;-1.30356
73;1;3.67972;2.52903;3.61243;4.98158;4.97176;;;0.460278;0.619021;1.37325
74;1;3.67972;4.89307;3.63126;2.4429;2.4383;;;-0.485339;-1.01921;-0.945617
75;1;3.67972;1.92881;3.60659;4.26644;4.25811;;;0.700368;0.45156;1.18571
76;1;3.67972;4.46811;3.6189;2.92635;2.92596;;;-0.315353;-0.210681;-1.01572
77;1;3.67972;3.13611;3.6121;4.13231;4.12727;;;0.217445;0.245953;0.532798
78;1;3.67972;2.9468;3.60286;3.93135;3.92507;;;0.293168;0.615653;0.0757232
79;1;3.67972;2.62651;3.58948;4.67627;4.6744;;;0.421285;1.50035;0.128117
80;1;3.67972;6.10311;3.62345;3.20783;3.19953;;;-0.969353;-0.53529;-1.39064
81;1;3.67972;2.57897;3.60952;4.81827;4.81713;;;0.440302;0.389344;1.40966
82;1;3.67972;4.4703;3.62085;2.73345;2.72376;;;-0.316231;-0.664086;-0.756533
83;1;3.67972;3.187;3.61522;3.64721;3.63961;;;0.19709;-0.250197;0.513321
84;1;3.67972;3.73694;3.61678;3.19582;3.18763;;;-0.0228872;-0.29826;-0.219977
85;1;3.67972;2.52727;3.60298;4.14192;4.13917;;;0.460982;0.669801;0.483869
86;1;3.67972;2.70266;3.59173;3.84407;3.84181;;;0.390827;0.820737;-0.0701544
87;1;3.67972;2.72591;3.58104;4.72007;4.71009;;;0.381524;1.62194;-0.0093028
88;1;3.67972;6.09685;3.61172;3.37318;3.36605;;;-0.966851;-0.408448;-1.34838
89;1;3.67972;2.47612;3.59804;5.00843;5.00744;;;0.48144;0.602577;1.44829
90;1;3.67972;4.78001;3.61211;2.4941;2.48588;;;-0.440116;-0.924243;-0.921556
91;1;3.67972;2.32349;3.59695;4.06359;4.05591;;;0.542494;0.214995;0.98261
92;1;3.67972;4.28802;3.60499;2.96291;2.96164;;;-0.24332;-0.295976;-0.785814
93;1;3.67972;2.92283;3.59715;4.11148;4.10348;;;0.30276;0.33982;0.54608
94;1;3.67972;2.75593;3.58759;3.96819;3.96075;;;0.369517;0.775985;0.0667568
95;1;3.67972;2.77019;3.5784;4.6683;4.66251;;;0.363814;1.53999;-0.0057028
96;1;3.67972;5.86476;3.60381;3.45748;3.4493;;;-0.874014;-0.295435;-1.23783
97;1;3.67972;2.6374;3.59319;4.92539;4.92418;;;0.416928;0.580115;1.29094
98;1;3.67972;4.72799;3.60552;2.59191;2.58103;;;-0.419304;-0.880539;-0.836233
99;1;3.67972;2.1128;3.58947;4.22132;4.21053;;;0.62677;0.435677;1.04607
100;1;3.67972;4.63555;3.6006;2.8769;2.86649;;;-0.382331;-0.367219;-1.0091
101;1;3.67972;3.11758;3.59551;4.05461;4.04401;;;0.224858;0.104983;0.607189
102;1;3.67972;2.91804;3.58846;3.94234;3.93697;;;0.304673;0.639813;0.0798148
103;1;3.67972;2.82617;3.5806;4.56114;4.55546;;;0.341424;1.3568;0.0367512
104;1;3.67972;5.49862;3.60017;3.53101;3.52067;;;-0.727557;-0.171067;-1.06898
105;1;3.67972;2.5911;3.58998;4.93293;4.92418;;;0.435449;0.743376;1.16301
106;1;3.67972;4.57006;3.59978;2.67446;2.66429;;;-0.356136;-0.747885;-0.791585
107;1;3.67972;2.84198;3.59228;3.82413;3.81802;;;0.335098;-0.044179;0.691234
108;1;3.67972;3.96051;3.59589;3.12075;3.11627;;;-0.112313;-0.280036;-0.447411
109;1;3.67972;2.56389;3.58587;4.22614;4.22242;;;0.446334;0.657266;0.558647
110;1;3.67972;2.89674;3.57924;3.7345;3.72287;;;0.313194;0.657707;-0.13314
111;1;3.67972;2.83738;3.57217;4.56334;4.55546;;;0.336938;1.36528;0.0237444
112;1;3.67972;5.43513;3.58975;3.58461;3.58014;;;-0.702162;-0.109262;-1.0391
113;1;3.67972;2.67843;3.58123;4.91345;4.91229;;;0.400518;0.731825;1.10268
114;1;3.67972;4.45288;3.5893;2.78439;2.78323;;;-0.309262;-0.649451;-0.70978
115;1;3.67972;2.702;3.58116;3.96528;3.96075;;;0.391089;0.171836;0.700352
116;1;3.67972;4.16056;3.58643;3.15274;3.15195;;;-0.192332;-0.232062;-0.583422
117;1;3.67972;2.30267;3.57487;4.52131;4.51978;;;0.550824;0.924668;0.743156
118;1;3.67972;3.34181;3.57278;3.34516;3.34226;;;0.135164;0.283845;-0.415659
119;1;3.67972;2.67065;3.5648;4.47421;4.4722;;;0.403629;1.13147;0.268464
120;1;3.67972;4.97122;3.57714;3.58101;3.58014;;;-0.516597;0.0466116;-0.920226
121;1;3.67972;2.85855;3.57089;4.76849;4.75766;;;0.32847;0.736399;0.845068
122;1;3.67972;3.90538;3.57377;3.20684;3.19953;;;-0.0902616;-0.189549;-0.418732
123;1;3.67972;2.68788;3.5662;4.21522;4.21053;;;0.39674;0.643604;0.487001
124;1;3.67972;4.35447;3.57288;3.49475;3.48499;;;-0.269897;0.0768205;-0.666636
125;1;3.67972;2.94704;3.56762;4.49536;4.4841;;;0.293074;0.692277;0.562971
126;1;3.67972;3.20908;3.56463;3.68786;3.68719;;;0.188258;0.395343;-0.104816
127