POC;Control ON/OFF;SP;PV;PVavg;PID;EST;;;e;Se;de
;1;63.2518;73.7161;73.7161;56.5547;51.2544;;;-4.18571;-8.78999;-4.18571
8;1;63.2518;52.0464;62.8813;65.819;51.2544;;;4.48217;0.622576;8.66788
9;1;63.2518;43.8311;56.5312;71.8215;68.3392;;;7.7683;16.936;3.28613
10;1;63.2518;52.3284;55.4805;62.4746;51.2544;;;4.36939;9.17571;-3.39891
11;1;63.2518;45.8601;53.5564;79.1889;68.3392;;;6.95671;23.7848;2.58732
12;1;63.2518;68.7711;56.0922;76.5476;68.3392;;;-2.2077;19.1486;-9.16441
13;1;63.2518;46.9829;54.7909;95.0203;85.424;;;6.50759;32.8146;8.71528
14;1;63.2518;103.99;60.9408;30.6717;17.0848;;;-16.2954;-34.2203;-22.803
15;1;63.2518;8.06304;55.0655;80.6478;68.3392;;;22.0755;12.1383;38.3709
16;1;63.2518;69.7842;56.5374;49.1339;34.1696;;;-2.61295;6.65114;-24.6885
17;1;63.2518;73.0967;58.0428;66.2152;51.2544;;;-3.93793;-1.61852;-1.32498
18;1;63.2518;46.5957;57.0888;77.8497;68.3392;;;6.66244;13.9911;10.6004
19;1;63.2518;48.5277;56.4303;80.004;68.3392;;;5.88965;26.3594;-0.772793
20;1;63.2518;69.5977;57.3708;79.6602;68.3392;;;-2.53834;21.0289;-8.42799
21;1;63.2518;47.0548;56.6831;97.1852;85.424;;;6.47882;34.6344;9.01716
22;1;63.2518;104.274;59.6575;30.5187;17.0848;;;-16.409;-34.4588;-22.8878
23;1;63.2518;8.06148;56.6225;80.5238;68.3392;;;22.0761;11.9011;38.4851
24;1;63.2518;68.7223;57.2947;49.5757;34.1696;;;-2.18818;7.3059;-24.2643
25;1;63.2518;72.2948;58.0842;66.9585;51.2544;;;-3.61717;-0.290159;-1.429
26;1;63.2518;45.8168;57.4708;78.0275;68.3392;;;6.97404;14.6455;10.5912
27;1;63.2518;48.8831;57.0619;80.1193;68.3392;;;5.74751;26.7153;-1.22653
28;1;63.2518;68.8089;57.5958;80.6631;68.3392;;;-2.22282;22.0473;-7.97033
29;1;63.2518;46.7155;57.1228;98.1053;85.424;;;6.61455;35.9379;8.83737
30;1;63.2518;102.562;59.016;31.479;17.0848;;;-15.7239;-33.0203;-22.3385
31;1;63.2518;8.07832;56.9785;81.2666;68.3392;;;22.0694;13.3255;37.7934
32;1;63.2518;70.2068;57.4873;50.0568;34.1696;;;-2.78196;7.48337;-24.8514
33;1;63.2518;72.7858;58.0539;67.4155;51.2544;;;-3.81357;-0.525121;-1.0316
34;1;63.2518;45.748;57.6144;78.2679;68.3392;;;7.00154;14.7032;10.8151
35;1;63.2518;48.1905;57.2895;80.5928;68.3392;;;6.02455;27.3548;-0.97698
36;1;63.2518;69.3437;57.6913;80.6833;68.3392;;;-2.43672;22.2377;-8.46128
37;1;63.2518;47.0958;57.3495;98.2661;85.424;;;6.46242;35.8087;8.89914
38;1;63.2518;103.379;58.7879;31.1078;17.0848;;;-16.051;-33.7071;-22.5134
39;1;63.2518;7.9127;57.2462;81.0128;68.3392;;;22.1357;12.7777;38.1867
40;1;63.2518;69.0535;57.5935;50.1809;34.1696;;;-2.32068;7.90432;-24.4563
41;1;63.2518;73.2234;58.0401;67.0951;51.2544;;;-3.9886;-0.471747;-1.66793
42;1;63.2518;46.2314;57.7121;78.1335;68.3392;;;6.80818;14.2972;10.7968
43;1;63.2518;48.0693;57.4514;80.4577;68.3392;;;6.07301;27.0505;-0.735164
44;1;63.2518;68.9948;57.7552;80.5538;68.3392;;;-2.29719;22.2264;-8.37021
45;1;63.2518;47.3429;57.4882;97.9572;85.424;;;6.36358;35.5899;8.66077
46;1;63.2518;103.165;58.6302;31.3439;17.0848;;;-15.9652;-33.527;-22.3288
47;1;63.2518;8.02767;57.3959;81.0336;68.3392;;;22.0897;12.8614;38.0549
48;1;63.2518;69.0965;57.6745;50.283;34.1696;;;-2.33785;7.95188;-24.4275
49;1;63.2518;72.8202;58.0268;67.4178;51.2544;;;-3.82735;-0.0855691;-1.48951
50;1;63.2518;46.4957;57.7647;77.8031;68.3392;;;6.70245;14.0752;10.5298
51;1;63.2518;48.8116;57.5657;79.8663;68.3392;;;5.7761;26.205;-0.926356
52;1;63.2518;69.0596;57.8156;79.9638;68.3392;;;-2.32309;21.3265;-8.09919
53;1;63.2518;47.0501;57.5865;97.2705;85.424;;;6.48069;34.9359;8.80379
54;1;63.2518;104.837;58.5709;30.1566;17.0848;;;-16.6341;-34.9316;-23.1148
55;1;63.2518;8.0623;57.5401;80.2756;68.3392;;;22.0758;11.4276;38.7099
56;1;63.2518;69.5116;57.7796;48.5974;34.1696;;;-2.50388;6.16945;-24.5797
57;1;63.2518;74.5923;58.1092;64.6673;51.2544;;;-4.53619;-3.35655;-2.03231
58;1;63.2518;46.7888;57.8915;78.3244;68.3392;;;6.58521;13.8289;11.1214
59;1;63.2518;48.8043;57.7201;79.742;68.3392;;;5.77903;25.9649;-0.80618
60;1;63.2518;68.9404;57.9279;79.797;68.3392;;;-2.27542;21.1865;-8.05444
61;1;63.2518;47.1682;57.7322;97.0073;85.424;;;6.43347;34.6968;8.70889
62;1;63.2518;104.587;58.5689;30.3637;17.0848;;;-16.5342;-34.7217;-22.9676
63;1;63.2518;8.05975;57.6828;80.3872;68.3392;;;22.0768;11.6396;38.611
64;1;63.2518;70.393;57.9019;48.2443;34.1696;;;-2.85646;5.64105;-24.9333
65;1;63.2518;73.4905;58.1662;65.1966;51.2544;;;-4.09548;-2.95945;-1.23902
66;1;63.2518;46.4089;57.9702;78.1268;68.3392;;;6.73719;14.1481;10.8327
67;1;63.2518;48.597;57.8165;80.0418;68.3392;;;5.86193;26.4581;-0.875262
68;1;63.2518;68.9225;57.9957;80.2188;68.3392;;;-2.26826;21.6948;-8.13018
69;1;63.2518;47.9384;57.836;97.0155;85.424;;;6.12538;34.5581;8.39363
70;1;63.2518;105.075;58.5741;30.3598;17.0848;;;-16.7292;-35.1312;-22.8545
71;1;63.2518;8.25219;57.8;80.0496;68.3392;;;21.9999;11.0685;38.729
72;1;63.2518;70.3938;57.9908;47.7496;34.1696;;;-2.85679;5.06924;-24.8567
73;1;63.2518;73.9775;58.2294;64.3135;51.2544;;;-4.29025;-3.94028;-1.43346
74;1;63.2518;46.6967;58.0598;78.1374;68.3392;;;6.62207;13.9064;10.9123
75;1;63.2518;48.5682;57.9222;79.9336;68.3392;;;5.87344;26.2406;-0.748632
76;1;63.2518;68.8441;58.0782;80.0399;68.3392;;;-2.23692;21.543;-8.11036
77;1;63.2518;47.4741;57.9289;97.1296;85.424;;;6.31111;34.7964;8.54803
78;1;63.2518;105.262;58.5863;30.0542;17.0848;;;-16.8041;-35.2886;-23.1152
79;1;63.2518;8.26345;57.8969;79.9599;68.3392;;;21.9954;10.9017;38.7994
80;1;63.2518;71.9424;58.0867;46.5962;34.1696;;;-3.47622;3.60165;-25.4716
81;1;63.2518;75.3578;58.317;62.5819;51.2544;;;-4.84237;-6.56733;-1.36615
82;1;63.2518;47.6092;58.1761;78.1055;68.3392;;;6.25706;13.1398;11.0994
83;1;63.2518;49.1897;58.0594;79.1344;68.3392;;;5.62484;24.952;-0.63222
84;1;63.2518;70.6061;58.2203;77.8723;68.3392;;;-2.94172;18.7744;-8.56656
85;1;63.2518;47.7779;58.0881;94.8713;85.424;;;6.1896;31.7726;9.13132
86;1;63.2518;105.892;58.6856;29.7726;17.0848;;;-17.056;-35.8177;-23.2456
87;1;63.2518;8.19655;58.0623;79.7256;68.3392;;;22.0221;10.4288;39.0782
88;1;63.2518;70.0845;58.2089;47.2856;34.1696;;;-2.73307;4.68931;-24.7552
89;1;63.2518;73.8762;58.3977;63.8746;51.2544;;;-4.24975;-4.23516;-1.51668
90;1;63.2518;47.0055;58.2621;77.8993;68.3392;;;6.49854;13.6469;10.7483
91;1;63.2518;49.288;58.1565;79.3371;68.3392;;;5.58555;25.3766;-0.912985
92;1;63.2518;70.659;58.3019;78.3023;68.3392;;;-2.96287;19.1546;-8.54842
93;1;63.2518;48.2001;58.1858;95.0024;85.424;;;6.02068;31.798;8.98355
94;1;63.2518;106.595;58.7359;29.4915;17.0848;;;-17.3373;-36.4083;-23.358
95;1;63.2518;8.30072;58.1692;79.3496;68.3392;;;21.9805;9.75068;39.3177
96;1;63.2518;71.4851;58.3171;45.7528;34.1696;;;-3.2933;2.83475;-25.2738
97;1;63.2518;74.7228;58.4974;62.0385;51.2544;;;-4.58838;-6.80085;-1.29508
98;1;63.2518;47.8206;58.3814;77.7162;68.3392;;;6.17249;12.9622;10.7609
99;1;63.2518;49.8647;58.2898;78.6094;68.3392;;;5.35486;24.2074;-0.817626
100;1;63.2518;70.7453;58.4223;77.3086;68.3392;;;-2.99738;17.9129;-8.35224
101;1;63.2518;48.6712;58.3197;93.4938;85.424;;;5.83228;30.1607;8.82966
102;1;63.2518;107.4;58.8309;29.1651;17.0848;;;-17.6591;-37.084;-23.4913
103;1;63.2518;8.32239;58.3102;78.9817;68.3392;;;21.9718;9.0567;39.6309
104;1;63.2518;72.2982;58.4529;44.5471;34.1696;;;-3.61853;1.45779;-25.5903
105;1;63.2518;74.8425;58.6185;60.9101;51.2544;;;-4.63627;-8.27838;-1.01774
106;1;63.2518;47.681;58.5091;77.8535;68.3392;;;6.22836;13.0796;10.8646
107;1;63.2518;50.0462;58.4253;78.5547;68.3392;;;5.28226;24.1723;-0.946095
108;1;63.2518;72.6811;58.5651;76.1072;68.3392;;;-3.7717;16.2517;-9.05396
109;1;63.2518;49.5542;58.4776;92.0418;85.424;;;5.47905;27.7577;9.25075
110;1;63.2518;109.543;58.9686;28.1467;17.0848;;;-18.5163;-38.8843;-23.9954
111;1;63.2518;8.45952;58.4876;77.951;68.3392;;;21.9169;7.14129;40.4332
112;1;63.2518;72.9329;58.6238;42.2803;34.1696;;;-3.87241;-0.990778;-25.7893
113;1;63.2518;75.866;58.785;58.0604;51.2544;;;-5.04567;-11.5867;-1.17326
114;1;63.2518;48.365;58.6885;77.8251;68.3392;;;5.95473;12.5049;11.0004
115;1;63.2518;50.5045;58.6134;77.9604;68.3392;;;5.09894;23.2127;-0.855787
116;1;63.2518;71.585;58.7313;76.0324;68.3392;;;-3.33326;16.2129;-8.43221
117;1;63.2518;48.5933;58.64;92.1794;85.424;;;5.8634;28.526;9.19666
118;1;63.2518;108.297;59.0834;28.5595;17.0848;;;-18.0181;-37.8379;-23.8815
119;1;63.2518;8.35417;58.6344;78.5665;68.3392;;;21.9591;8.27612;39.9771
120;1;63.2518;71.9416;58.7512;44.0075;34.1696;;;-3.4759;0.976721;-25.435
121;1;63.2518;75.4716;58.8966;59.8839;51.2544;;;-4.88789;-9.28784;-1.41198
122;1;63.2518;48.1105;58.8036;77.8302;68.3392;;;6.05654;12.7187;10.9444
123;1;63.2518;50.6121;58.7336;78.0035;68.3392;;;5.0559;23.3361;-1.00064
124;1;63.2518;71.4447;58.8413;76.2887;68.3392;;;-3.27714;16.4542;-8.33304
125;1;63.2518;48.6;58.7552;92.3603;85.424;;;5.86074;28.7617;9.13787
126;1;63.2518;108.339;59.1684;28.5352;17.0848;;;-18.0349;-37.8734;-23.8957
127