POC;Control ON/OFF;SP;PV;PVavg;PID;EST;;;e;Se;de
;1;40.22;50.4847;50.4847;33.6505;33.6541;;;-4.10589;-8.62237;-4.10589
8;1;40.22;42.7554;46.62;34.0808;34.0918;;;-1.01415;-10.7521;3.09173
9;1;40.22;29.6437;40.9613;37.2508;37.262;;;4.2305;-1.86805;5.24465
10;1;40.22;31.3236;38.5519;41.6831;41.6861;;;3.55854;7.47293;-0.671959
11;1;40.22;30.5518;36.9518;50.322;50.3333;;;3.86728;15.5942;0.308741
12;1;40.22;63.5074;41.3778;37.0429;37.0491;;;-9.31499;-3.96727;-13.1823
13;1;40.22;28.5272;39.542;53.0511;53.054;;;4.67713;5.8547;13.9921
14;1;40.22;53.1019;41.237;27.2984;27.3018;;;-5.15278;-10.8208;-9.8299
15;1;40.22;39.8283;41.0804;34.8026;34.8134;;;0.156652;-10.4919;5.30943
16;1;40.22;40.0461;40.977;29.6827;29.6913;;;0.0695415;-10.3458;-0.0871104
17;1;40.22;37.226;40.636;31.7207;31.7259;;;1.19757;-7.83093;1.12803
18;1;40.22;35.2566;40.1877;42.199;42.2066;;;1.98536;4.16925;0.787791
19;1;40.22;30.1687;39.417;48.8367;48.8428;;;4.02051;12.6123;2.03515
20;1;40.22;56.6346;40.6469;38.3064;38.3148;;;-6.56587;-1.17599;-10.5864
21;1;40.22;27.8831;39.7959;53.5054;53.5153;;;4.93473;9.18694;11.5006
22;1;40.22;52.8221;40.6101;27.2199;27.2308;;;-5.04084;-10.5858;-9.97557
23;1;40.22;38.9257;40.511;35.5034;35.5113;;;0.517693;-9.4986;5.55853
24;1;40.22;37.6247;40.3507;31.8646;31.8679;;;1.03809;-7.31861;0.520402
25;1;40.22;30.9401;39.8554;37.8024;37.8061;;;3.71196;0.476503;2.67386
26;1;40.22;29.1124;39.3182;43.6168;43.6261;;;4.44302;9.33035;0.731066
27;1;40.22;29.801;38.865;51.7754;51.7764;;;4.16758;18.0823;-0.27544
28;1;40.22;66.6602;40.1284;37.2129;37.2147;;;-10.5761;-4.12751;-14.7437
29;1;40.22;27.5784;39.5828;54.7591;54.7692;;;5.05661;6.49138;15.6327
30;1;40.22;54.2384;40.1934;26.1916;26.2017;;;-5.60735;-11.7754;-10.664
31;1;40.22;40.8402;40.2193;33.6549;33.6659;;;-0.248104;-12.2965;5.35925
32;1;40.22;40.9698;40.2482;27.6917;27.6922;;;-0.299935;-12.9263;-0.0518304
33;1;40.22;39.2471;40.2111;28.2162;28.2245;;;0.389148;-12.1091;0.689083
34;1;40.22;40.7811;40.2314;39.4717;39.4741;;;-0.22444;-0.471324;-0.613588
35;1;40.22;29.3008;39.8545;46.9614;46.9619;;;4.36769;8.70082;4.59213
36;1;40.22;53.0068;40.2929;36.3695;36.3748;;;-5.11475;-2.04015;-9.48244
37;1;40.22;29.4143;39.942;50.2102;50.215;;;4.32226;7.03659;9.43701
38;1;40.22;44.2531;40.0767;33.3165;33.3229;;;-1.61326;-3.38784;-5.93552
39;1;40.22;31.1882;39.8074;44.2257;44.2294;;;3.61269;4.19881;5.22595
40;1;40.22;51.7579;40.1589;33.4218;33.4293;;;-4.61517;-5.49306;-8.22787
41;1;40.22;31.8266;39.9208;44.7138;44.7144;;;3.35734;1.55735;7.97251
42;1;40.22;34.121;39.7597;40.7659;40.7753;;;2.43957;5.1231;-0.917767
43;1;40.22;31.3837;39.5333;48.5587;48.5589;;;3.53452;12.5456;1.09495
44;1;40.22;57.4995;40.0061;38.1721;38.1728;;;-6.91182;-1.96923;-10.4463
45;1;40.22;29.9032;39.7471;51.7653;51.7764;;;4.12672;6.69687;11.0385
46;1;40.22;48.6185;39.9689;30.7182;30.7204;;;-3.3594;-7.05474;-7.48612
47;1;40.22;34.8825;39.8448;39.9406;39.9472;;;2.13498;-2.57128;5.49438
48;1;40.22;46.3593;39.9999;31.5845;31.5958;;;-2.45575;-7.72836;-4.59073
49;1;40.22;33.9173;39.8584;38.9811;38.9891;;;2.52107;-2.4341;4.97683
50;1;40.22;32.2681;39.6859;42.7881;42.7981;;;3.18074;6.67955;0.659664
51;1;40.22;31.4338;39.5026;49.3419;49.3514;;;3.51448;14.06;0.33374
52;1;40.22;62.8139;40.0093;36.3053;36.3157;;;-9.03757;-4.91895;-12.5521
53;1;40.22;30.3701;39.8042;50.6425;50.6527;;;3.93993;3.3549;12.9775
54;1;40.22;46.1501;39.9364;32.4847;32.4948;;;-2.37206;-4.98132;-6.31199
55;1;40.22;33.8437;39.8121;41.6915;41.6979;;;2.55052;0.374766;4.92258
56;1;40.22;49.764;40.0111;31.936;31.9389;;;-3.81762;-7.64223;-6.36813
57;1;40.22;34.7538;39.9081;39.8937;39.8999;;;2.18645;-3.05068;6.00406
58;1;40.22;32.3945;39.7636;43.0418;43.0465;;;3.13018;6.57337;0.943729
59;1;40.22;30.7926;39.5943;49.6967;49.7063;;;3.77096;14.4924;0.64078
60;1;40.22;62.9073;40.026;36.4215;36.4221;;;-9.07494;-4.56498;-12.8459
61;1;40.22;29.2843;39.8307;51.7287;51.7291;;;4.37425;4.62094;13.4492
62;1;40.22;49.8061;40.0089;29.7106;29.715;;;-3.83446;-8.05237;-8.20871
63;1;40.22;37.1967;39.9595;37.9369;37.9481;;;1.20929;-5.51286;5.04375
64;1;40.22;44.0198;40.0295;31.0659;31.0753;;;-1.51994;-8.70474;-2.72924
65;1;40.22;35.5465;39.9535;36.0262;36.0318;;;1.8694;-4.77901;3.38934
66;1;40.22;30.4144;39.7946;44.6261;44.6316;;;3.92222;8.23667;2.05283
67;1;40.22;30.8259;39.6475;50.5466;50.558;;;3.75763;16.1277;-0.16459
68;1;40.22;65.8673;40.0704;36.1757;36.1855;;;-10.2589;-5.41609;-14.0166
69;1;40.22;28.7219;39.8903;52.4216;52.427;;;4.59922;4.24227;14.8582
70;1;40.22;51.9843;40.0793;28.0916;28.0944;;;-4.70571;-9.882;-9.30493
71;1;40.22;39.4753;40.07;35.5203;35.5231;;;0.297868;-9.25648;5.00358
72;1;40.22;39.0369;40.0543;31.4228;31.4302;;;0.473212;-8.26273;0.175344
73;1;40.22;33.14;39.9511;36.0152;36.0199;;;2.83198;-2.31557;2.35877
74;1;40.22;30.8912;39.8179;43.3584;43.3659;;;3.7315;7.83615;0.89952
75;1;40.22;32.4215;39.7107;49.3156;49.316;;;3.11938;14.3868;-0.612125
76;1;40.22;60.623;40.0094;38.4295;38.4331;;;-8.16121;-2.75171;-11.2806
77;1;40.22;29.4188;39.8603;52.5422;52.5453;;;4.32048;6.32129;12.4817
78;1;40.22;52.4393;40.035;28.0791;28.0825;;;-4.88774;-10.2643;-9.20822
79;1;40.22;39.7687;40.0313;35.1322;35.1327;;;0.180493;-9.88522;5.06823
80;1;40.22;39.4431;40.0234;30.6515;30.6613;;;0.310753;-9.23264;0.13026
81;1;40.22;36.078;39.9708;33.3274;33.3347;;;1.65678;-5.7534;1.34603
82;1;40.22;33.6729;39.8879;42.7533;42.7626;;;2.61884;5.49956;0.962057
83;1;40.22;30.0072;39.7596;49.6369;49.6472;;;4.08512;14.0783;1.46629
84;1;40.22;61.6279;40.04;36.5121;36.5168;;;-8.56315;-3.9043;-12.6483
85;1;40.22;30.0939;39.9141;51.3595;51.3624;;;4.05044;4.60163;12.6136
86;1;40.22;49.1155;40.0291;30.4764;30.4839;;;-3.55822;-7.47227;-7.60867
87;1;40.22;35.3693;39.9715;39.4103;39.4149;;;1.94026;-3.39772;5.49849
88;1;40.22;44.9454;40.0322;31.8577;31.8679;;;-1.89017;-7.36708;-3.83043
89;1;40.22;32.4905;39.9413;39.6899;39.6988;;;3.09179;-0.874326;4.98196
90;1;40.22;31.1994;39.8373;42.9014;42.9045;;;3.60823;7.57729;0.516443
91;1;40.22;30.5651;39.7282;50.3681;50.3688;;;3.86195;15.6874;0.253714
92;1;40.22;64.6166;40.0176;36.4316;36.434;;;-9.75864;-4.80578;-13.6206
93;1;40.22;28.5082;39.8853;52.6684;52.6754;;;4.6847;5.0321;14.4433
94;1;40.22;51.3306;40.0154;28.4244;28.4256;;;-4.44427;-9.33297;-9.12897
95;1;40.22;38.3463;39.9966;36.5304;36.5404;;;0.749474;-7.75907;5.19374
96;1;40.22;39.1323;39.987;32.4076;32.412;;;0.435083;-6.8454;-0.314392
97;1;40.22;32.2664;39.9022;38.0298;38.0309;;;3.18141;-0.164427;2.74633
98;1;40.22;31.3673;39.8094;42.7043;42.7153;;;3.54108;7.43626;0.359662
99;1;40.22;29.7305;39.701;50.8284;50.8301;;;4.19577;16.2474;0.654698
100;1;40.22;63.2045;39.951;37.5615;37.5696;;;-9.19382;-3.05964;-13.3896
101;1;40.22;27.2145;39.817;54.6777;54.6864;;;5.20221;7.865;14.396
102;1;40.22;53.6979;39.9616;26.3919;26.4028;;;-5.39118;-11.3215;-10.5934
103;1;40.22;39.7933;39.9598;34.5627;34.5649;;;0.170674;-10.9631;5.56186
104;1;40.22;39.214;39.9522;29.7301;29.7386;;;0.402401;-10.118;0.231726
105;1;40.22;34.8743;39.9009;33.1208;33.1218;;;2.13828;-5.62764;1.73588
106;1;40.22;32.4399;39.8263;43.0609;43.0701;;;3.11203;6.53526;0.973749
107;1;40.22;30.0187;39.7292;50.172;50.1795;;;4.0805;15.1043;0.968472
108;1;40.22;61.4372;39.942;37.6647;37.676;;;-8.48691;-2.7182;-12.5674
109;1;40.22;27.8261;39.8244;53.9207;53.9293;;;4.95754;7.69263;13.4444
110;1;40.22;53.9141;39.9599;26.4982;26.5092;;;-5.47766;-11.5031;-10.4352
111;1;40.22;41.0784;39.9705;33.6451;33.6541;;;-0.343386;-12.2242;5.13428
112;1;40.22;41.5391;39.9853;27.4949;27.5029;;;-0.527642;-13.3323;-0.184255
113;1;40.22;39.8539;39.9841;27.6497;27.6567;;;0.146442;-13.0247;0.674084
114;1;40.22;40.8188;39.9918;39.6903;39.6988;;;-0.23952;-0.502992;-0.385962
115;1;40.22;29.8151;39.8985;46.6156;46.6189;;;4.16194;8.23709;4.40146
116;1;40.22;50.4276;39.9942;37.7622;37.7707;;;-4.08304;-0.3373;-8.24498
117;1;40.22;28.4587;39.8903;51.4929;51.5044;;;4.70451;9.54217;8.78755
118;1;40.22;48.6492;39.9685;30.1207;30.129;;;-3.3717;-7.08057;-8.07621
119;1;40.22;35.7695;39.9313;39.3594;39.3676;;;1.7802;-3.34215;5.1519
120;1;40.22;44.968;39.9755;32.0589;32.069;;;-1.8992;-7.33047;-3.6794
121;1;40.22;32.836;39.9134;39.5144;39.5214;;;2.95359;-1.12793;4.8528
122;1;40.22;31.508;39.841;42.8421;42.8454;;;3.48481;7.31809;0.53121
123;1;40.22;30.5429;39.7615;50.2466;50.2505;;;3.87084;15.4468;0.38603
124;1;40.22;63.4178;39.962;36.9494;36.9544;;;-9.27913;-4.03933;-13.15
125;1;40.22;27.713;39.859;53.4643;53.468;;;5.0028;6.46655;14.2819
126;1;40.22;54.1018;39.9777;26.3328;26.3436;;;-5.55275;-11.6608;-10.5556
127