POC;Control ON/OFF;SP;PV;PVavg;PID;EST;;;e;Se;de
;1;4.44562;5.71401;5.71401;3.63385;4.26943;;;-0.507355;-1.06544;-0.507355
8;1;4.44562;4.71446;5.21423;3.71548;4.26943;;;-0.107534;-1.29127;0.39982
9;1;4.44562;3.22043;4.54963;4.04601;4.26943;;;0.490075;-0.26211;0.597609
10;1;4.44562;3.59607;4.31124;4.49926;4.26943;;;0.33982;0.713622;-0.150254
11;1;4.44562;3.45635;4.14026;5.45256;4.26943;;;0.395708;1.54461;0.055888
12;1;4.44562;5.07791;4.29654;5.18986;4.26943;;;-0.252916;1.01349;-0.648624
13;1;4.44562;3.35226;4.16164;6.41177;4.26943;;;0.437346;1.93191;0.690262
14;1;4.44562;3.61516;4.09333;4.53977;4.26943;;;0.332184;0.697587;-0.105162
15;1;4.44562;3.48144;4.02534;5.4281;4.26943;;;0.385673;1.5075;0.0534888
16;1;4.44562;5.07203;4.13001;5.16655;4.26943;;;-0.250563;0.981317;-0.636236
17;1;4.44562;3.36901;4.06083;6.36653;4.26943;;;0.430643;1.88567;0.681206
18;1;4.44562;3.6023;4.02262;4.5547;4.26943;;;0.337327;0.708387;-0.0933156
19;1;4.44562;3.40771;3.97532;5.48094;4.26943;;;0.415165;1.58023;0.0778376
20;1;4.44562;5.0371;4.05116;5.23214;4.26943;;;-0.236591;1.08339;-0.651756
21;1;4.44562;3.28709;4.00022;6.50706;4.26943;;;0.463411;2.05655;0.700002
22;1;4.44562;3.53083;3.97088;4.56768;4.26943;;;0.365916;0.768424;-0.0974948
23;1;4.44562;3.40723;3.93773;5.5127;4.26943;;;0.415356;1.64067;0.0494396
24;1;4.44562;4.98734;3.99604;5.32423;4.26943;;;-0.216689;1.18562;-0.632044
25;1;4.44562;3.3187;3.96039;6.56916;4.26943;;;0.450767;2.13224;0.667456
26;1;4.44562;3.55509;3.94013;4.56479;4.26943;;;0.356211;0.748042;-0.0945568
27;1;4.44562;3.45588;3.91707;5.47089;4.26943;;;0.395896;1.57942;0.0396852
28;1;4.44562;5.06903;3.96943;5.23017;4.26943;;;-0.249363;1.05576;-0.645259
29;1;4.44562;3.35836;3.94286;6.44659;4.26943;;;0.434903;1.96906;0.684267
30;1;4.44562;3.57349;3.92747;4.56888;4.26943;;;0.348853;0.732591;-0.0860504
31;1;4.44562;3.4435;3.90811;5.47071;4.26943;;;0.400848;1.57437;0.0519948
32;1;4.44562;5.01621;3.95073;5.25397;4.26943;;;-0.228235;1.09508;-0.629083
33;1;4.44562;3.34724;3.92838;6.47189;4.26943;;;0.439351;2.01771;0.667586
34;1;4.44562;3.56025;3.91523;4.57291;4.26943;;;0.354148;0.74371;-0.0852032
35;1;4.44562;3.41475;3.89797;5.49494;4.26943;;;0.41235;1.60964;0.058202
36;1;4.44562;4.99618;3.93458;5.29056;4.26943;;;-0.220225;1.14717;-0.632575
37;1;4.44562;3.382;3.91676;6.49374;4.26943;;;0.42545;2.04062;0.645675
38;1;4.44562;3.3478;3.89898;4.72278;4.26943;;;0.439129;0.92217;0.0136788
39;1;4.44562;3.19544;3.87766;5.72878;4.26943;;;0.500072;1.97232;0.0609436
40;1;4.44562;4.86634;3.90674;5.64861;4.26943;;;-0.168289;1.61891;-0.668361
41;1;4.44562;3.07821;3.88306;7.10797;4.26943;;;0.546964;2.76754;0.715253
42;1;4.44562;3.25959;3.86574;4.65772;4.26943;;;0.474413;0.996267;-0.0725508
43;1;4.44562;3.17275;3.84701;5.78211;4.26943;;;0.509148;2.06548;0.0347348
44;1;4.44562;4.82534;3.87276;5.75893;4.26943;;;-0.151888;1.74651;-0.661036
45;1;4.44562;3.12244;3.85352;7.19085;4.26943;;;0.529271;2.85798;0.681158
46;1;4.44562;3.2469;3.83836;4.68353;4.26943;;;0.479487;1.00692;-0.0497836
47;1;4.44562;3.13681;3.82125;5.81069;4.26943;;;0.523522;2.10632;0.0440352
48;1;4.44562;4.80262;3.84461;5.79994;4.26943;;;-0.142801;1.80644;-0.666323
49;1;4.44562;3.14281;3.82829;7.22866;4.26943;;;0.521126;2.9008;0.663927
50;1;4.44562;3.38001;3.8181;4.60649;4.26943;;;0.426246;0.895116;-0.0948804
51;1;4.44562;3.24811;3.80544;5.6809;4.26943;;;0.479005;1.90103;0.0527588
52;1;4.44562;4.98647;3.83111;5.5215;4.26943;;;-0.216341;1.44671;-0.695345
53;1;4.44562;3.24834;3.81871;6.87493;4.26943;;;0.478911;2.45242;0.695251
54;1;4.44562;3.38048;3.80958;4.6484;4.26943;;;0.426057;0.894719;-0.052854
55;1;4.44562;3.27908;3.79875;5.66087;4.26943;;;0.466617;1.87461;0.0405604
56;1;4.44562;4.97081;3.8222;5.5175;4.26943;;;-0.210076;1.43345;-0.676693
57;1;4.44562;3.12986;3.80862;6.93124;4.26943;;;0.526306;2.5387;0.736382
58;1;4.44562;3.27964;3.79845;4.66554;4.26943;;;0.466393;0.979425;-0.0599132
59;1;4.44562;3.21211;3.78738;5.7481;4.26943;;;0.493406;2.01558;0.0270132
60;1;4.44562;4.87732;3.80757;5.6915;4.26943;;;-0.172681;1.65295;-0.666087
61;1;4.44562;3.13006;3.79525;7.11321;4.26943;;;0.526226;2.75802;0.698907
62;1;4.44562;3.32477;3.78685;4.63674;4.26943;;;0.448342;0.941518;-0.0778836
63;1;4.44562;3.21222;3.77677;5.72817;4.26943;;;0.493361;1.97758;0.0450184
64;1;4.44562;4.85295;3.79532;5.66915;4.26943;;;-0.16293;1.63542;-0.65629
65;1;4.44562;3.1224;3.78392;7.09083;4.26943;;;0.529289;2.74693;0.692218
66;1;4.44562;3.32872;3.77633;4.63115;4.26943;;;0.44676;0.938195;-0.0825288
67;1;4.44562;3.23041;3.76738;5.71479;4.26943;;;0.486085;1.95897;0.0393256
68;1;4.44562;4.91429;3.78588;5.61856;4.26943;;;-0.187468;1.56529;-0.673554
69;1;4.44562;3.07098;3.77453;7.07815;4.26943;;;0.549857;2.71999;0.737325
70;1;4.44562;3.30303;3.76716;4.62702;4.26943;;;0.457035;0.959773;-0.0928216
71;1;4.44562;3.15695;3.75778;5.77311;4.26943;;;0.515469;2.04226;0.058434
72;1;4.44562;4.78871;3.7734;5.75283;4.26943;;;-0.137236;1.75406;-0.652705
73;1;4.44562;3.03974;3.76245;7.23668;4.26943;;;0.562352;2.935;0.699588
74;1;4.44562;3.30529;3.75572;4.61308;4.26943;;;0.456133;0.957878;-0.10622
75;1;4.44562;3.16741;3.7472;5.76542;4.26943;;;0.511283;2.03157;0.0551504
76;1;4.44562;4.8703;3.76324;5.69411;4.26943;;;-0.169872;1.67484;-0.681155
77;1;4.44562;3.06734;3.75344;7.17243;4.26943;;;0.551313;2.8326;0.721186
78;1;4.44562;3.26747;3.74669;4.64833;4.26943;;;0.471262;0.98965;-0.0800516
79;1;4.44562;3.18598;3.73901;5.77018;4.26943;;;0.503855;2.04774;0.0325928
80;1;4.44562;4.78373;3.75313;5.77312;4.26943;;;-0.135243;1.76373;-0.639097
81;1;4.44562;3.10453;3.74448;7.20289;4.26943;;;0.536435;2.89025;0.671677
82;1;4.44562;3.21666;3.73753;4.69572;4.26943;;;0.491584;1.03233;-0.0448504
83;1;4.44562;3.09508;3.72919;5.85071;4.26943;;;0.540217;2.16678;0.0486324
84;1;4.44562;4.81189;3.74307;5.83777;4.26943;;;-0.146507;1.85912;-0.686724
85;1;4.44562;3.02981;3.73404;7.35736;4.26943;;;0.566323;3.04839;0.712831
86;1;4.44562;3.1833;3.72716;4.68718;4.26943;;;0.504927;1.06035;-0.0613964
87;1;4.44562;3.07395;3.71909;5.87891;4.26943;;;0.548667;2.21255;0.0437396
88;1;4.44562;4.78311;3.73207;5.89351;4.26943;;;-0.134994;1.92906;-0.683661
89;1;4.44562;2.95944;3.72276;7.46083;4.26943;;;0.594472;3.17745;0.729466
90;1;4.44562;3.15186;3.71597;4.67916;4.26943;;;0.517505;1.08676;-0.0769668
91;1;4.44562;3.03154;3.70791;5.91989;4.26943;;;0.565633;2.27459;0.0481276
92;1;4.44562;4.73932;3.71991;5.96661;4.26943;;;-0.117479;2.02789;-0.683112
93;1;4.44562;2.95225;3.71108;7.54674;4.26943;;;0.597349;3.28232;0.714828
94;1;4.44562;3.07766;3.70388;4.72377;4.26943;;;0.547185;1.14909;-0.0501648
95;1;4.44562;3.05993;3.69665;5.93437;4.26943;;;0.554278;2.31307;0.0070932
96;1;4.44562;4.73028;3.70813;6.02223;4.26943;;;-0.113864;2.07396;-0.668142
97;1;4.44562;3.04367;3.70083;7.53069;4.26943;;;0.56078;3.25159;0.674644
98;1;4.44562;3.28232;3.69628;4.62935;4.26943;;;0.46532;0.977172;-0.0954596
99;1;4.44562;3.07693;3.68962;5.83343;4.26943;;;0.547475;2.12687;0.0821548
100;1;4.44562;4.68801;3.70024;5.86989;4.26943;;;-0.0969559;1.92326;-0.644431
101;1;4.44562;3.01281;3.69301;7.38283;4.26943;;;0.573123;3.12682;0.670078
102;1;4.44562;3.18066;3.68767;4.68207;4.26943;;;0.505986;1.06257;-0.0671368
103;1;4.44562;3.06979;3.6813;5.88274;4.26943;;;0.550334;2.21827;0.044348
104;1;4.44562;4.65839;3.69127;5.97739;4.26943;;;-0.0851063;2.03955;-0.63544
105;1;4.44562;2.92903;3.68357;7.54089;4.26943;;;0.606636;3.31348;0.691742
106;1;4.44562;3.09831;3.67772;4.70126;4.26943;;;0.538924;1.13174;-0.067712
107;1;4.44562;2.98353;3.67085;5.97417;4.26943;;;0.584835;2.35989;0.0459108
108;1;4.44562;4.65795;3.68052;6.08479;4.26943;;;-0.0849323;2.18153;-0.669767
109;1;4.44562;2.85553;3.67251;7.72974;4.26943;;;0.636036;3.51721;0.720968
110;1;4.44562;3.02825;3.66632;4.7167;4.26943;;;0.566949;1.19059;-0.0690864
111;1;4.44562;3.01753;3.66014;5.98324;4.26943;;;0.571235;2.39019;0.0042856
112;1;4.44562;4.65239;3.6695;6.13224;4.26943;;;-0.0827075;2.2165;-0.653942
113;1;4.44562;2.88;3.66212;7.74682;4.26943;;;0.626247;3.53162;0.708955
114;1;4.44562;3.11783;3.65708;4.66916;4.26943;;;0.531117;1.11535;-0.0951304
115;1;4.44562;2.98893;3.65095;5.96213;4.26943;;;0.582678;2.33897;0.0515608
116;1;4.44562;4.61572;3.65972;6.09305;4.26943;;;-0.0680399;2.19609;-0.650718
117;1;4.44562;2.82372;3.65219;7.74776;4.26943;;;0.648759;3.55848;0.716799
118;1;4.44562;3.02773;3.64662;4.70431;4.26943;;;0.567157;1.19103;-0.0816024
119;1;4.44562;2.90324;3.64004;6.05662;4.26943;;;0.616954;2.48663;0.0497972
120;1;4.44562;4.59;3.64837;6.2229;4.26943;;;-0.0577507;2.36536;-0.674704
121;1;4.44562;2.73376;3.64042;7.96431;4.26943;;;0.684743;3.80332;0.742494
122;1;4.44562;3.07838;3.63557;4.63591;4.26943;;;0.546896;1.14848;-0.137847
123;1;4.44562;3.02597;3.63036;5.95578;4.26943;;;0.567859;2.34098;0.0209632
124;1;4.44562;4.57426;3.63836;6.13642;4.26943;;;-0.0514563;2.23293;-0.619315
125;1;4.44562;2.92457;3.63236;7.70347;4.26943;;;0.60842;3.51061;0.659876
126;1;4.44562;2.96867;3.62683;4.78245;4.26943;;;0.590781;1.24064;-0.0176388
127