POC;Control ON/OFF;SP;PV;PVavg;PID;EST;;;e;Se;de
;1;21.2278;26.1353;26.1353;18.0869;18.0833;;;-1.96301;-4.12231;-1.96301
8;1;21.2278;20.3405;23.2379;19.6363;19.6271;;;0.354882;-3.37706;2.31789
9;1;21.2278;14.6887;20.3882;21.6808;21.6771;;;2.61563;2.11577;2.26075
10;1;21.2278;15.8649;19.2574;22.0443;22.0441;;;2.14512;4.50476;-0.47051
11;1;21.2278;15.575;18.5209;27.2052;27.1945;;;2.26111;9.25309;0.115988
12;1;21.2278;34.754;21.2264;19.563;19.5512;;;-5.41049;-2.10893;-7.6716
13;1;21.2278;16.0926;20.493;27.8158;27.8146;;;2.05407;2.20462;7.46456
14;1;21.2278;27.33;21.3476;15.2683;15.2613;;;-2.44089;-5.12587;-4.49496
15;1;21.2278;20.8992;21.2978;18.7531;18.7413;;;0.131425;-4.84987;2.57231
16;1;21.2278;21.8409;21.3521;15.854;15.8434;;;-0.245272;-5.36495;-0.376697
17;1;21.2278;15.6278;20.8317;19.692;19.6904;;;2.23997;-0.661004;2.48524
18;1;21.2278;16.1778;20.4439;22.2198;22.2086;;;2.01999;4.24197;-0.219986
19;1;21.2278;15.5067;20.0641;27.1112;27.1059;;;2.2884;9.04762;0.268417
20;1;21.2278;34.9446;21.127;19.2082;19.1968;;;-5.48675;-2.47456;-7.77515
21;1;21.2278;16.5275;20.8204;27.2481;27.2451;;;1.88011;1.47366;7.36686
22;1;21.2278;24.7541;21.0662;17.0908;17.0836;;;-1.41053;-2.96212;-3.29064
23;1;21.2278;18.8453;20.9356;21.201;21.1963;;;0.952997;-0.960828;2.36353
24;1;21.2278;22.3471;21.014;18.5975;18.5894;;;-0.447738;-1.90108;-1.40074
25;1;21.2278;16.6982;20.7868;22.6733;22.6642;;;1.81183;1.90377;2.25957
26;1;21.2278;15.8523;20.5401;22.8562;22.854;;;2.15017;4.51536;0.33834
27;1;21.2278;15.5186;20.301;27.2468;27.2451;;;2.28364;9.31102;0.13347
28;1;21.2278;35.1148;20.9744;19.3674;19.3614;;;-5.55483;-2.35412;-7.83847
29;1;21.2278;16.3536;20.7735;27.5479;27.5362;;;1.94966;1.74016;7.50448
30;1;21.2278;25.9267;20.9882;16.2708;16.261;;;-1.87957;-3.9471;-3.82923
31;1;21.2278;19.7656;20.9393;20.096;20.0953;;;0.58488;-2.71885;2.46445
32;1;21.2278;22.2574;20.99;17.2651;17.2607;;;-0.411845;-3.58372;-0.996725
33;1;21.2278;18.3483;20.8921;19.8987;19.8928;;;1.15177;-1.16501;1.56361
34;1;21.2278;16.7337;20.7436;22.9522;22.9426;;;1.79762;3.77499;0.645848
35;1;21.2278;15.4052;20.5595;26.9316;26.9287;;;2.32903;8.66595;0.53141
36;1;21.2278;34.0924;21.0106;19.3313;19.3234;;;-5.14587;-2.14038;-7.4749
37;1;21.2278;17.1;20.8845;26.875;26.8655;;;1.65109;1.3269;6.79696
38;1;21.2278;23.8423;20.9769;17.9034;17.8934;;;-1.04582;-2.19623;-2.69691
39;1;21.2278;18.0429;20.888;22.1156;22.1074;;;1.27393;0.479032;2.31976
40;1;21.2278;22.7601;20.9431;19.4522;19.4499;;;-0.612925;-0.808111;-1.88686
41;1;21.2278;16.1934;20.8074;24.2545;24.246;;;2.01372;3.4207;2.62665
42;1;21.2278;15.7788;20.6677;22.7014;22.6895;;;2.17959;4.57714;0.16587
43;1;21.2278;15.687;20.5331;27.1714;27.1692;;;2.2163;9.23137;0.0367064
44;1;21.2278;34.2879;20.895;19.8843;19.8802;;;-5.22408;-1.7392;-7.44038
45;1;21.2278;16.1839;20.7742;27.9407;27.9284;;;2.01754;2.49764;7.24162
46;1;21.2278;26.6896;20.9221;15.7146;15.7042;;;-2.18473;-4.58793;-4.20227
47;1;21.2278;21.013;20.9243;18.962;18.9564;;;0.0858918;-4.40756;2.27062
48;1;21.2278;21.7455;20.9439;16.4029;16.4002;;;-0.207115;-4.8425;-0.293007
49;1;21.2278;17.6845;20.8681;18.86;18.8552;;;1.41729;-1.8662;1.6244
50;1;21.2278;16.5544;20.7701;22.8014;22.7907;;;1.86935;3.92563;0.452061
51;1;21.2278;15.5081;20.6531;26.9446;26.9414;;;2.28784;8.7301;0.418496
52;1;21.2278;33.6443;20.9355;19.7234;19.7157;;;-4.96661;-1.69978;-7.25446
53;1;21.2278;16.6225;20.8438;27.4419;27.4349;;;1.84209;2.16861;6.80871
54;1;21.2278;25.4098;20.9389;16.7091;16.7039;;;-1.67282;-3.51293;-3.51492
55;1;21.2278;19.7042;20.9137;20.3627;20.3611;;;0.609429;-2.23313;2.28225
56;1;21.2278;22.0687;20.9368;17.847;17.8428;;;-0.336388;-2.93954;-0.945817
57;1;21.2278;17.6592;20.8725;20.9084;20.9052;;;1.42741;0.0580081;1.76379
58;1;21.2278;16.3139;20.7849;22.9452;22.9426;;;1.96553;4.12761;0.538122
59;1;21.2278;16.0523;20.6956;26.7021;26.701;;;2.07016;8.47495;0.104638
60;1;21.2278;32.748;20.9188;20.2596;20.2472;;;-4.6081;-1.20206;-6.67827
61;1;21.2278;16.9708;20.847;27.3582;27.3463;;;1.70277;2.37375;6.31087
62;1;21.2278;26.0775;20.9404;16.4211;16.4129;;;-1.9399;-4.0738;-3.64267
63;1;21.2278;20.7125;20.9364;19.4236;19.412;;;0.2061;-3.64099;2.146
64;1;21.2278;22.1812;20.9579;16.7704;16.7672;;;-0.381391;-4.44191;-0.587492
65;1;21.2278;19.0829;20.9261;18.5399;18.5388;;;0.857927;-2.64026;1.23932
66;1;21.2278;16.263;20.8484;23.5473;23.5373;;;1.9859;4.17038;1.12797
67;1;21.2278;15.0957;20.7541;27.3367;27.3337;;;2.45282;9.3213;0.466926
68;1;21.2278;34.6242;20.9778;19.5225;19.5132;;;-5.35858;-1.93171;-7.8114
69;1;21.2278;16.3415;20.9042;27.7818;27.7766;;;1.95449;2.17271;7.31307
70;1;21.2278;26.0197;20.9841;16.2064;16.1977;;;-1.91677;-4.02522;-3.87126
71;1;21.2278;19.9535;20.9682;19.9348;19.9308;;;0.509705;-2.95484;2.42648
72;1;21.2278;22.1098;20.9855;17.1987;17.1974;;;-0.352827;-3.69577;-0.862532
73;1;21.2278;18.9338;20.9549;19.3529;19.3487;;;0.917585;-1.76884;1.27041
74;1;21.2278;16.4717;20.889;23.3541;23.3475;;;1.90243;3.99511;0.984848
75;1;21.2278;15.1617;20.806;27.2027;27.1945;;;2.42644;9.09063;0.524004
76;1;21.2278;33.5843;20.9885;19.9837;19.9814;;;-4.94262;-1.28888;-7.36906
77;1;21.2278;16.028;20.9187;28.2093;28.2068;;;2.07988;3.07887;7.02251
78;1;21.2278;27.8131;21.0144;14.9332;14.9323;;;-2.63414;-5.5317;-4.71403
79;1;21.2278;21.7217;21.0241;18.0141;18.0073;;;-0.197565;-5.94659;2.43658
80;1;21.2278;21.8015;21.0346;15.1115;15.1095;;;-0.229489;-6.42852;-0.031924
81;1;21.2278;14.9568;20.9536;19.0421;19.0323;;;2.50837;-1.16094;2.73786
82;1;21.2278;16.9269;20.9006;21.4719;21.462;;;1.72033;3.61269;-0.788043
83;1;21.2278;16.1537;20.8389;26.3675;26.3593;;;2.02963;7.87492;0.309305
84;1;21.2278;31.2877;20.9729;20.6347;20.6268;;;-4.02396;-0.575403;-6.0536
85;1;21.2278;16.2842;20.9136;27.8402;27.8399;;;1.97741;3.57715;6.00137
86;1;21.2278;26.7895;20.987;15.6908;15.6789;;;-2.22469;-4.67185;-4.2021
87;1;21.2278;21.172;20.9893;18.8163;18.8046;;;0.0223058;-4.625;2.24699
88;1;21.2278;21.4745;20.9952;16.4225;16.4129;;;-0.098689;-4.83225;-0.120995
89;1;21.2278;20.0169;20.9834;17.2691;17.2607;;;0.484349;-3.81512;0.583038
90;1;21.2278;17.966;20.9475;22.8309;22.8287;;;1.30469;2.73984;0.820337
91;1;21.2278;15.1608;20.8794;26.5458;26.5364;;;2.4268;7.83611;1.12211
92;1;21.2278;31.336;21.001;20.1678;20.1586;;;-4.0433;-0.654817;-6.47009
93;1;21.2278;16.2656;20.9466;27.792;27.7892;;;1.98486;3.5134;6.02816
94;1;21.2278;26.204;21.0063;16.0581;16.0459;;;-1.9905;-4.18005;-3.97536
95;1;21.2278;19.7382;20.9921;19.9915;19.9814;;;0.595832;-2.9288;2.58633
96;1;21.2278;21.2858;20.9953;17.666;17.6657;;;-0.0232122;-2.97754;-0.619044
97;1;21.2278;17.5097;20.957;20.653;20.6521;;;1.48722;0.145625;1.51044
98;1;21.2278;16.1391;20.9047;22.9973;22.9932;;;2.03545;4.27445;0.54823
99;1;21.2278;15.0353;20.8415;27.4299;27.4223;;;2.47698;9.47611;0.441527
100;1;21.2278;33.829;20.9797;20.1621;20.1586;;;-5.04051;-1.10897;-7.5175
101;1;21.2278;15.6303;20.9234;28.7417;28.7383;;;2.239;3.59292;7.27951
102;1;21.2278;28.6663;21.0041;14.2281;14.2236;;;-2.97544;-6.24842;-5.21443
103;1;21.2278;18.2159;20.9753;19.8824;19.8802;;;1.20475;-3.71845;4.18019
104;1;21.2278;21.3576;20.9792;16.2215;16.2104;;;-0.0519358;-3.82751;-1.25669
105;1;21.2278;17.2275;20.9413;20.0123;20.0067;;;1.60008;-0.467343;1.65202
106;1;21.2278;15.8268;20.8902;23.0843;23.0818;;;2.16036;4.53676;0.560283
107;1;21.2278;14.9706;20.8316;27.6087;27.5994;;;2.50284;9.79273;0.342478
108;1;21.2278;34.7672;20.9682;19.8524;19.8422;;;-5.41578;-1.5804;-7.91862
109;1;21.2278;16.1531;20.9214;28.3109;28.3081;;;2.02984;2.68226;7.44562
110;1;21.2278;28.1464;20.9909;14.77;14.7678;;;-2.76746;-5.81167;-4.79731
111;1;21.2278;22.8694;21.0088;17.1329;17.1215;;;-0.656644;-7.19063;2.11082
112;1;21.2278;23.4047;21.0314;13.3005;13.2999;;;-0.870762;-9.01923;-0.214118
113;1;21.2278;16.9324;20.9931;15.8283;15.8181;;;1.71816;-5.4111;2.58892
114;1;21.2278;20.0469;20.9843;20.2654;20.2598;;;0.472353;0.991941;-1.2458
115;1;21.2278;15.662;20.9355;25.3094;25.309;;;2.22629;5.66714;1.75393
116;1;21.2278;26.3859;20.9851;21.3674;21.3608;;;-2.06325;1.33432;-4.28953
117;1;21.2278;15.0994;20.932;28.5474;28.5359;;;2.45132;6.48209;4.51457
118;1;21.2278;28.6954;21.0013;13.9971;13.9959;;;-2.98706;-6.27283;-5.43838
119;1;21.2278;18.4167;20.9785;19.7411;19.741;;;1.12444;-3.91151;4.1115
120;1;21.2278;21.908;20.9866;15.7565;15.7548;;;-0.272084;-4.48289;-1.39652
121;1;21.2278;17.4176;20.9556;19.4555;19.4499;;;1.52407;-1.28234;1.79615
122;1;21.2278;15.6899;20.9102;23.2479;23.2463;;;2.21516;4.65183;0.691088
123;1;21.2278;14.9068;20.8589;27.7099;27.7007;;;2.52839;9.96146;0.313235
124;1;21.2278;35.2838;20.9811;19.6649;19.6524;;;-5.62243;-1.84565;-8.15083
125;1;21.2278;15.9125;20.9385;28.4063;28.3967;;;2.1261;2.61916;7.74854
126;1;21.2278;27.8451;20.9961;14.8666;14.8564;;;-2.64693;-5.55855;-4.77303
127