POC;Control ON/OFF;SP;PV;PVavg;PID;EST;;;e;Se;de
;1;4.61207;5.29079;5.29079;4.17769;4.18091;;;-0.271487;-0.570122;-0.271487
8;1;4.61207;4.90336;5.09707;4.12701;4.1381;;;-0.116515;-0.814803;0.154972
9;1;4.61207;3.48967;4.56127;4.63212;4.63752;;;0.448961;0.128015;0.565475
10;1;4.61207;4.37811;4.51548;4.31284;4.3236;;;0.0935851;0.196529;-0.355376
11;1;4.61207;4.00138;4.41266;5.10585;5.10841;;;0.244274;0.709505;0.150689
12;1;4.61207;5.80911;4.6454;4.31119;4.3236;;;-0.478817;-0.296011;-0.723091
13;1;4.61207;3.59696;4.49562;5.44455;5.45087;;;0.406045;0.556684;0.884862
14;1;4.61207;5.22665;4.587;3.81269;3.82417;;;-0.245833;-0.51625;-0.651878
15;1;4.61207;3.49096;4.46522;5.05916;5.0656;;;0.448445;0.425485;0.694278
16;1;4.61207;5.60606;4.5793;3.95295;3.96687;;;-0.397596;-0.409467;-0.846041
17;1;4.61207;3.41312;4.47329;5.36753;5.37953;;;0.479581;0.597653;0.877177
18;1;4.61207;4.83811;4.50369;3.98782;3.9954;;;-0.0904177;-0.189877;-0.569999
19;1;4.61207;3.39948;4.41875;5.28867;5.29391;;;0.485037;0.8287;0.575454
20;1;4.61207;5.98956;4.53095;4.07414;4.08102;;;-0.550997;-0.328394;-1.03603
21;1;4.61207;3.42339;4.45711;5.59543;5.60784;;;0.475471;0.670097;1.02647
22;1;4.61207;5.89713;4.54711;3.31416;3.32475;;;-0.514023;-1.07945;-0.989495
23;1;4.61207;4.17961;4.5255;4.32342;4.3236;;;0.172985;-0.71618;0.687008
24;1;4.61207;5.12846;4.55899;3.39241;3.39609;;;-0.206556;-1.14995;-0.379542
25;1;4.61207;4.211;4.54068;3.92536;3.93833;;;0.160427;-0.813052;0.366984
26;1;4.61207;3.73801;4.50054;5.01104;5.02279;;;0.349623;0.734208;0.189196
27;1;4.61207;4.0935;4.48116;5.32854;5.33672;;;0.207429;1.16981;-0.142194
28;1;4.61207;6.44423;4.57039;4.40187;4.40921;;;-0.732863;-0.369204;-0.940292
29;1;4.61207;3.90556;4.54149;5.42789;5.4366;;;0.282602;0.224261;1.01547
30;1;4.61207;5.51959;4.58224;3.74865;3.75283;;;-0.36301;-0.762321;-0.645612
31;1;4.61207;3.96993;4.55775;4.62373;4.63752;;;0.256857;-0.222921;0.619867
32;1;4.61207;5.7306;4.60286;3.41643;3.42463;;;-0.447411;-1.16249;-0.704268
33;1;4.61207;4.35448;4.59366;4.06185;4.06675;;;0.103036;-0.946109;0.550448
34;1;4.61207;4.10166;4.57609;4.83569;4.83729;;;0.204162;0.428741;0.101126
35;1;4.61207;4.21774;4.56373;5.08902;5.09414;;;0.157731;0.759975;-0.0464316
36;1;4.61207;5.98021;4.61095;4.3387;4.35214;;;-0.547258;-0.389267;-0.704989
37;1;4.61207;3.88156;4.58742;5.23758;5.2511;;;0.292202;0.224357;0.83946
38;1;4.61207;4.61585;4.58831;4.31745;4.3236;;;-0.0015105;-0.00317205;-0.293712
39;1;4.61207;3.89803;4.56739;5.06739;5.07987;;;0.285614;0.596617;0.287124
40;1;4.61207;5.99877;4.60949;4.03558;4.03821;;;-0.55468;-0.568211;-0.840294
41;1;4.61207;3.8287;4.58718;5.0999;5.10841;;;0.313349;0.089822;0.868029
42;1;4.61207;4.61662;4.588;4.29581;4.30933;;;-0.0018213;-0.00382473;-0.31517
43;1;4.61207;4.07244;4.57406;4.95543;4.96572;;;0.215852;0.449465;0.217674
44;1;4.61207;6.00011;4.61159;3.95734;3.96687;;;-0.555216;-0.716488;-0.771068
45;1;4.61207;3.87561;4.59272;4.92213;4.92291;;;0.294585;-0.09786;0.8498
46;1;4.61207;4.57211;4.5922;4.34306;4.35214;;;0.0159851;0.0335687;-0.2786
47;1;4.61207;3.96812;4.57698;5.04178;5.05133;;;0.25758;0.574487;0.241595
48;1;4.61207;5.98078;4.61041;4.053;4.06675;;;-0.547484;-0.575228;-0.805064
49;1;4.61207;3.77186;4.59091;5.12206;5.12268;;;0.336083;0.130547;0.883567
50;1;4.61207;4.59249;4.59094;4.28852;4.29506;;;0.0078319;0.016447;-0.328252
51;1;4.61207;4.08862;4.57978;4.95569;4.96572;;;0.209378;0.456141;0.201546
52;1;4.61207;5.9787;4.61019;3.98419;3.9954;;;-0.546653;-0.691831;-0.756031
53;1;4.61207;3.77503;4.59242;5.00259;5.00852;;;0.334815;0.0112804;0.881468
54;1;4.61207;4.53857;4.5913;4.32429;4.33787;;;0.0293991;0.0617381;-0.305416
55;1;4.61207;4.01668;4.57957;5.02545;5.03706;;;0.238153;0.56186;0.208754
56;1;4.61207;5.96618;4.6073;4.06915;4.08102;;;-0.541643;-0.57559;-0.779797
57;1;4.61207;3.56773;4.58692;5.2465;5.2511;;;0.417735;0.301654;0.959379
58;1;4.61207;4.66767;4.58847;4.15875;4.16664;;;-0.0222409;-0.0467059;-0.439976
59;1;4.61207;3.87608;4.57503;5.05864;5.0656;;;0.294397;0.571527;0.316638
60;1;4.61207;6.01012;4.60161;3.99445;3.9954;;;-0.559219;-0.602833;-0.853616
61;1;4.61207;3.76107;4.58633;5.11309;5.12268;;;0.340398;0.112004;0.899617
62;1;4.61207;4.51594;4.58507;4.3332;4.33787;;;0.0384531;0.0807515;-0.301945
63;1;4.61207;3.93121;4.5736;5.09011;5.09414;;;0.272342;0.652669;0.233889
64;1;4.61207;6.02282;4.59858;4.08952;4.09529;;;-0.5643;-0.53236;-0.836642
65;1;4.61207;3.6543;4.58258;5.25698;5.26537;;;0.383108;0.272167;0.947408
66;1;4.61207;4.50361;4.58126;4.29838;4.30933;;;0.0433843;0.091107;-0.339724
67;1;4.61207;3.68292;4.56654;5.25444;5.26537;;;0.371658;0.871589;0.328274
68;1;4.61207;6.31677;4.59477;4.02099;4.02394;;;-0.681883;-0.560364;-1.05354
69;1;4.61207;3.60904;4.57912;5.37553;5.37953;;;0.401212;0.282181;1.08309
70;1;4.61207;5.0463;4.58642;3.93295;3.93833;;;-0.173691;-0.364752;-0.574903
71;1;4.61207;3.48119;4.56942;5.14477;5.15122;;;0.45235;0.585184;0.626042
72;1;4.61207;5.94996;4.59033;3.88865;3.89552;;;-0.535158;-0.538649;-0.987509
73;1;4.61207;3.44154;4.57319;5.35772;5.36526;;;0.468211;0.444594;1.00337
74;1;4.61207;4.75152;4.57581;4.05461;4.06675;;;-0.0557801;-0.117138;-0.523991
75;1;4.61207;3.56616;4.56118;5.22009;5.22256;;;0.418364;0.761426;0.474144
76;1;4.61207;5.81559;4.5791;4.18488;4.19517;;;-0.481408;-0.24953;-0.899772
77;1;4.61207;3.59028;4.56517;5.49789;5.50795;;;0.408714;0.60877;0.890122
78;1;4.61207;5.25486;4.57475;3.79197;3.79563;;;-0.257117;-0.539945;-0.665831
79;1;4.61207;3.69776;4.56274;4.9144;4.92291;;;0.365722;0.228071;0.622839
80;1;4.61207;5.57242;4.57638;3.8598;3.86698;;;-0.384139;-0.57862;-0.749861
81;1;4.61207;3.43866;4.56121;5.16857;5.17976;;;0.469365;0.407047;0.853504
82;1;4.61207;4.37262;4.55873;4.29595;4.30933;;;0.0957795;0.201137;-0.373586
83;1;4.61207;3.64936;4.54692;5.33356;5.33672;;;0.385084;1.00981;0.289304
84;1;4.61207;6.21416;4.56829;4.21146;4.22371;;;-0.640838;-0.335946;-1.02592
85;1;4.61207;3.45031;4.55414;5.66048;5.66491;;;0.464702;0.639928;1.10554
86;1;4.61207;5.81288;4.56988;3.37885;3.38182;;;-0.480325;-1.00868;-0.945026
87;1;4.61207;4.27504;4.56624;4.29941;4.30933;;;0.134812;-0.725577;0.615136
88;1;4.61207;5.26469;4.57475;3.334;3.33902;;;-0.261049;-1.27378;-0.39586
89;1;4.61207;4.29512;4.57138;3.80218;3.8099;;;0.126778;-1.00755;0.387827
90;1;4.61207;3.83287;4.56259;4.98398;4.99426;;;0.311679;0.654526;0.184901
91;1;4.61207;3.66905;4.55208;5.55845;5.56503;;;0.377207;1.44666;0.0655276
92;1;4.61207;7.36245;4.58476;3.92128;3.92406;;;-1.10015;-0.863657;-1.47736
93;1;4.61207;3.4669;4.57191;5.58147;5.59357;;;0.458066;0.0982817;1.55822
94;1;4.61207;6.03072;4.58849;3.24607;3.2534;;;-0.567461;-1.19167;-1.02553
95;1;4.61207;4.49117;4.58739;4.06524;4.06675;;;0.0483591;-1.09011;0.61582
96;1;4.61207;4.73482;4.58903;3.39504;3.39609;;;-0.0490993;-1.19322;-0.0974584
97;1;4.61207;4.24695;4.58527;3.70162;3.71002;;;0.146048;-0.88652;0.195148
98;1;4.61207;4.1019;4.58002;4.79253;4.79448;;;0.204069;0.428544;0.0580204
99;1;4.61207;4.13524;4.57524;5.14172;5.15122;;;0.190732;0.829082;-0.0133364
100;1;4.61207;6.18812;4.59239;4.24175;4.25225;;;-0.63042;-0.4948;-0.821152
101;1;4.61207;3.81058;4.58417;5.26064;5.26537;;;0.320595;0.17845;0.951015
102;1;4.61207;4.83317;4.58676;4.14997;4.15237;;;-0.0884417;-0.185728;-0.409037
103;1;4.61207;3.85527;4.57922;4.99914;5.00852;;;0.302721;0.449987;0.391163
104;1;4.61207;5.98743;4.59359;3.8791;3.88125;;;-0.550146;-0.705321;-0.852868
105;1;4.61207;3.62123;4.58377;5.09103;5.09414;;;0.396335;0.126982;0.946481
106;1;4.61207;4.59339;4.58386;4.22769;4.23798;;;0.0074699;0.0156868;-0.388865
107;1;4.61207;3.94341;4.57752;5.04823;5.05133;;;0.267463;0.577359;0.259993
108;1;4.61207;5.91093;4.59059;4.0907;4.09529;;;-0.519544;-0.513682;-0.787007
109;1;4.61207;3.60502;4.58102;5.26244;5.26537;;;0.402819;0.332238;0.922363
110;1;4.61207;4.52923;4.58053;4.26227;4.26652;;;0.0331355;0.0695845;-0.369684
111;1;4.61207;3.9116;4.57416;5.09682;5.10841;;;0.280188;0.65798;0.247053
112;1;4.61207;5.91792;4.58683;4.15412;4.16664;;;-0.522339;-0.438933;-0.802528
113;1;4.61207;3.64288;4.57801;5.31575;5.32245;;;0.387674;0.375183;0.910014
114;1;4.61207;4.77871;4.57987;4.11774;4.12383;;;-0.0666569;-0.139979;-0.454331
115;1;4.61207;3.68256;4.57164;5.13363;5.13695;;;0.371802;0.640805;0.438459
116;1;4.61207;5.8427;4.58319;4.09347;4.09529;;;-0.492252;-0.392923;-0.864054
117;1;4.61207;3.38562;4.5724;5.49633;5.50795;;;0.490581;0.637298;0.982833
118;1;4.61207;5.6272;4.58182;3.47181;3.48171;;;-0.406051;-0.852706;-0.896632
119;1;4.61207;4.22923;4.5787;4.41043;4.42348;;;0.153134;-0.531125;0.559184
120;1;4.61207;5.55255;4.58724;3.3259;3.33902;;;-0.376195;-1.32113;-0.529328
121;1;4.61207;4.49393;4.58643;3.74274;3.75283;;;0.0472563;-1.2219;0.423451
122;1;4.61207;4.28522;4.58384;4.77399;4.78022;;;0.130738;0.27455;0.083482
123;1;4.61207;4.231;4.58082;4.99976;5.00852;;;0.152427;0.594648;0.0216892
124;1;4.61207;6.24255;4.5949;4.01078;4.02394;;;-0.652191;-0.774953;-0.804618
125;1;4.61207;3.70956;4.58746;5.06692;5.07987;;;0.361005;-0.016842;1.0132
126;1;4.61207;4.67127;4.58816;4.21317;4.22371;;;-0.0236817;-0.0497316;-0.384687
127