POC;Control ON/OFF;SP;PV;PVavg;PID;EST;;;e;Se;de
;1;78.4272;87.6273;87.6273;72.5391;62.6115;;;-3.68004;-7.72809;-3.68004
8;1;78.4272;61.575;74.6011;85.1645;62.6115;;;6.74086;6.42773;10.4209
9;1;78.4272;52.0788;67.0937;94.977;62.6115;;;10.5394;28.5604;3.79849
10;1;78.4272;54.9715;64.0631;82.8995;62.6115;;;9.38229;19.7028;-1.15707
11;1;78.4272;53.5365;61.9578;104.678;62.6115;;;9.95628;40.611;0.573992
12;1;78.4272;63.9431;62.2887;118.352;62.6115;;;5.79365;52.7776;-4.16263
13;1;78.4272;54.7337;61.2094;140.575;62.6115;;;9.47737;72.6801;3.68373
14;1;78.4272;55.3136;60.4724;83.7425;62.6115;;;9.24543;19.4154;-0.231949
15;1;78.4272;53.8192;59.7332;104.346;62.6115;;;9.84317;40.0861;0.597747
16;1;78.4272;63.9733;60.1572;117.921;62.6115;;;5.78154;52.2273;-4.06163
17;1;78.4272;54.8473;59.6745;139.964;62.6115;;;9.43195;72.0344;3.6504
18;1;78.4272;55.6022;59.3351;83.6032;62.6115;;;9.12998;19.1729;-0.301973
19;1;78.4272;53.967;58.9222;104.125;62.6115;;;9.78407;39.7195;0.654092
20;1;78.4272;64.4122;59.3143;117.332;62.6115;;;5.60599;51.4921;-4.17808
21;1;78.4272;55.263;59.0442;139.138;62.6115;;;9.26569;70.95;3.6597
22;1;78.4272;55.6015;58.8291;83.7699;62.6115;;;9.13026;19.1735;-0.135426
23;1;78.4272;54.2318;58.5586;103.955;62.6115;;;9.67813;39.4976;0.547871
24;1;78.4272;63.8291;58.8515;117.589;62.6115;;;5.83921;51.76;-3.83892
25;1;78.4272;54.2356;58.6085;139.831;62.6115;;;9.67663;72.0809;3.83742
26;1;78.4272;54.9706;58.4266;83.7628;62.6115;;;9.38264;19.7035;-0.293999
27;1;78.4272;54.2747;58.2289;104.206;62.6115;;;9.66099;39.9916;0.278353
28;1;78.4272;63.8762;58.4856;118.07;62.6115;;;5.82038;52.2144;-3.84061
29;1;78.4272;53.8897;58.2858;140.525;62.6115;;;9.81499;72.8259;3.99461
30;1;78.4272;54.7915;58.1402;83.739;62.6115;;;9.45427;19.854;-0.36072
31;1;78.4272;53.6013;57.9586;104.715;62.6115;;;9.93034;40.7077;0.476071
32;1;78.4272;64.4146;58.2069;118.173;62.6115;;;5.60502;52.4782;-4.32532
33;1;78.4272;54.84;58.0822;140.396;62.6115;;;9.43487;72.2914;3.82984
34;1;78.4272;54.729;57.9625;84.1591;62.6115;;;9.47927;19.9065;0.0444008
35;1;78.4272;52.9863;57.7909;105.136;62.6115;;;10.1763;41.2768;0.697064
36;1;78.4272;63.952;57.9963;118.792;62.6115;;;5.79008;53.4359;-4.38625
37;1;78.4272;54.7553;57.8917;141.223;62.6115;;;9.46874;73.3203;3.67866
38;1;78.4272;54.6993;57.7919;84.1443;62.6115;;;9.49116;19.9314;0.0224192
39;1;78.4272;52.6935;57.6374;105.337;62.6115;;;10.2935;41.5477;0.802308
40;1;78.4272;63.7678;57.8178;119.063;62.6115;;;5.86376;53.8616;-4.42971
41;1;78.4272;55.259;57.7446;141.253;62.6115;;;9.26727;73.3229;3.40351
42;1;78.4272;55.4386;57.6806;83.8726;62.6115;;;9.19543;19.3104;-0.071838
43;1;78.4272;53.0891;57.5565;104.758;62.6115;;;10.1352;40.5944;0.93978
44;1;78.4272;63.771;57.72;118.266;62.6115;;;5.86246;52.9055;-4.27275
45;1;78.4272;54.7917;57.6449;140.597;62.6115;;;9.45417;72.7593;3.59171
46;1;78.4272;54.9838;57.5784;83.9768;62.6115;;;9.37735;19.6924;-0.0768224
47;1;78.4272;53.278;57.4735;104.838;62.6115;;;10.0597;40.8178;0.68233
48;1;78.4272;63.6955;57.6217;118.614;62.6115;;;5.89266;53.1924;-4.16702
49;1;78.4272;54.809;57.5563;140.843;62.6115;;;9.44728;73.0316;3.55462
50;1;78.4272;55.437;57.5081;83.6936;62.6115;;;9.19608;19.3118;-0.251202
51;1;78.4272;54.0881;57.4321;104.12;62.6115;;;9.73564;39.7566;0.539558
52;1;78.4272;63.8847;57.5724;117.755;62.6115;;;5.81697;51.9722;-3.91867
53;1;78.4272;55.0291;57.5183;139.557;62.6115;;;9.35923;71.6266;3.54226
54;1;78.4272;56.0582;57.4878;83.3841;62.6115;;;8.9476;18.7899;-0.411635
55;1;78.4272;54.0195;57.4171;103.89;62.6115;;;9.76307;39.2924;0.815478
56;1;78.4272;63.9394;57.5475;117.229;62.6115;;;5.7951;51.4621;-3.96797
57;1;78.4272;56.6186;57.5293;138.052;62.6115;;;8.72342;69.7813;2.92832
58;1;78.4272;56.2317;57.5043;83.9088;62.6115;;;8.87818;18.6442;0.154756
59;1;78.4272;54.219;57.4424;103.686;62.6115;;;9.68328;38.9791;0.805106
60;1;78.4272;63.8551;57.5611;117.049;62.6115;;;5.82883;51.2196;-3.85446
61;1;78.4272;54.9566;57.5138;138.839;62.6115;;;9.38824;70.9349;3.55941
62;1;78.4272;55.8095;57.4833;83.5142;62.6115;;;9.04706;18.9988;-0.341172
63;1;78.4272;53.5403;57.4141;104.307;62.6115;;;9.95475;39.9038;0.907687
64;1;78.4272;64.2474;57.532;117.451;62.6115;;;5.67191;51.8148;-4.28285
65;1;78.4272;55.5523;57.4984;139.21;62.6115;;;9.14996;71.0297;3.47805
66;1;78.4272;56.0365;57.474;83.6073;62.6115;;;8.95628;18.8082;-0.19368
67;1;78.4272;54.129;57.4192;103.83;62.6115;;;9.71929;39.2187;0.763005
68;1;78.4272;64.0311;57.5258;117.14;62.6115;;;5.75842;51.3114;-3.96087
69;1;78.4272;55.9922;57.5015;138.339;62.6115;;;8.97399;70.1567;3.21557
70;1;78.4272;56.03;57.4785;83.7874;62.6115;;;8.95888;18.8137;-0.0151028
71;1;78.4272;54.8605;57.4382;103.365;62.6115;;;9.42668;38.6097;0.467799
72;1;78.4272;64.47;57.5448;116.543;62.6115;;;5.58286;50.3337;-3.84383
73;1;78.4272;56.6209;57.531;137.134;62.6115;;;8.7225;68.6509;3.13964
74;1;78.4272;56.1617;57.5108;83.9546;62.6115;;;8.90618;18.703;0.183676
75;1;78.4272;53.6889;57.4555;104.056;62.6115;;;9.89532;39.4831;0.989145
76;1;78.4272;63.5017;57.5418;117.567;62.6115;;;5.9702;52.0206;-3.92512
77;1;78.4272;55.723;57.5162;139.008;62.6115;;;9.08168;71.0921;3.11148
78;1;78.4272;56.2835;57.4991;83.5175;62.6115;;;8.85748;18.6007;-0.224207
79;1;78.4272;55.0527;57.4656;103.13;62.6115;;;9.34978;38.2352;0.492308
80;1;78.4272;65.2682;57.571;115.734;62.6115;;;5.26358;49.2888;-4.08621
81;1;78.4272;57.4185;57.569;135.898;62.6115;;;8.40347;66.936;3.13989
82;1;78.4272;57.0144;57.5617;83.7279;62.6115;;;8.56509;17.9867;0.161623
83;1;78.4272;54.551;57.5226;103.13;62.6115;;;9.55046;38.0427;0.985368
84;1;78.4272;64.5524;57.6127;115.799;62.6115;;;5.54991;49.6975;-4.00055
85;1;78.4272;56.0484;57.5929;136.897;62.6115;;;8.9515;68.4956;3.40159
86;1;78.4272;56.6124;57.5807;83.4372;62.6115;;;8.72593;18.3244;-0.225573
87;1;78.4272;54.7655;57.5459;103.169;62.6115;;;9.46465;38.2002;0.738726
88;1;78.4272;64.3561;57.629;116.168;62.6115;;;5.62844;50.0199;-3.83622
89;1;78.4272;56.0306;57.6097;137.152;62.6115;;;8.95862;68.833;3.33018
90;1;78.4272;56.2345;57.5933;83.6719;62.6115;;;8.87707;18.6418;-0.0815512
91;1;78.4272;54.8613;57.5612;103.274;62.6115;;;9.42633;38.4371;0.549264
92;1;78.4272;64.725;57.6445;116.207;62.6115;;;5.48085;49.9469;-3.94548
93;1;78.4272;56.2813;57.6288;137.067;62.6115;;;8.85833;68.5494;3.37748
94;1;78.4272;57.1789;57.6237;83.1677;62.6115;;;8.49931;17.8486;-0.359018
95;1;78.4272;55.7859;57.6031;102.267;62.6115;;;9.05652;36.8672;0.557205
96;1;78.4272;65.1717;57.6872;114.721;62.6115;;;5.30219;48.0018;-3.75433
97;1;78.4272;56.7339;57.6767;135.011;62.6115;;;8.6773;66.2242;3.37511
98;1;78.4272;57.5128;57.6749;83.135;62.6115;;;8.36573;17.568;-0.311572
99;1;78.4272;55.3206;57.6496;102.418;62.6115;;;9.24265;36.9776;0.876917
100;1;78.4272;64.8941;57.7266;114.823;62.6115;;;5.41323;48.3454;-3.82941
101;1;78.4272;57.1742;57.7208;134.961;62.6115;;;8.50118;66.1979;3.08794
102;1;78.4272;57.2061;57.7155;83.5075;62.6115;;;8.48844;17.8257;-0.0127316
103;1;78.4272;55.4708;57.6923;102.457;62.6115;;;9.18255;37.1091;0.694108
104;1;78.4272;65.2517;57.7695;114.786;62.6115;;;5.27019;48.1765;-3.91236
105;1;78.4272;57.0496;57.7622;135.015;62.6115;;;8.55105;66.1337;3.28085
106;1;78.4272;57.3506;57.7581;83.3651;62.6115;;;8.43062;17.7043;-0.120428
107;1;78.4272;55.5304;57.736;102.355;62.6115;;;9.15873;36.9376;0.728105
108;1;78.4272;66.0069;57.8171;114.155;62.6115;;;4.96813;47.3707;-4.1906
109;1;78.4272;58.1596;57.8204;133.801;62.6115;;;8.10704;64.3955;3.13891
110;1;78.4272;58.2431;57.8245;83.2379;62.6115;;;8.07361;16.9546;-0.0334288
111;1;78.4272;56.4071;57.811;101.401;62.6115;;;8.80801;35.4514;0.734404
112;1;78.4272;65.8393;57.8867;113.127;62.6115;;;5.03513;46.0252;-3.77288
113;1;78.4272;57.7998;57.8859;132.619;62.6115;;;8.25094;63.3522;3.2158
114;1;78.4272;58.4316;57.891;82.9734;62.6115;;;7.99824;16.7963;-0.2527
115;1;78.4272;56.1937;57.8754;101.455;62.6115;;;8.89339;35.4724;0.895155
116;1;78.4272;65.4491;57.9443;113.312;62.6115;;;5.19123;46.374;-3.70216
117;1;78.4272;57.5246;57.9405;132.988;62.6115;;;8.36103;63.9322;3.1698
118;1;78.4272;57.8384;57.9396;83.2429;62.6115;;;8.2355;17.2946;-0.125525
119;1;78.4272;55.9593;57.922;101.866;62.6115;;;8.98715;36.1676;0.751645
120;1;78.4272;65.2284;57.9861;114.055;62.6115;;;5.27952;47.2545;-3.70763
121;1;78.4272;57.452;57.9815;133.826;62.6115;;;8.39006;64.8737;3.11054
122;1;78.4272;57.8927;57.9807;83.1791;62.6115;;;8.21377;17.2489;-0.17629
123;1;78.4272;56.3516;57.9668;101.591;62.6115;;;8.83024;35.7924;0.616469
124;1;78.4272;65.1198;58.0274;113.906;62.6115;;;5.32295;46.9706;-3.50729
125;1;78.4272;56.9488;58.0184;133.821;62.6115;;;8.59134;65.0124;3.26838
126;1;78.4272;57.794;58.0165;83.0411;62.6115;;;8.25329;17.3319;-0.338048
127