POC;Control ON/OFF;SP;PV;PVavg;PID;EST;;;e;Se;de
;1;29.0256;35.1781;35.1781;25.088;25.1004;;;-2.46101;-5.16812;-2.46101
8;1;29.0256;24.0969;29.6375;29.4729;29.473;;;1.97148;-1.02801;4.43249
9;1;29.0256;21.4815;26.9189;30.8543;30.8582;;;3.01763;5.30902;1.04615
10;1;29.0256;24.6249;26.3454;28.8244;28.8388;;;1.7603;3.69663;-1.25733
11;1;29.0256;22.8577;25.6478;34.9094;34.9136;;;2.46714;8.87762;0.706844
12;1;29.0256;42.159;28.3997;27.0307;27.0364;;;-5.25338;-2.15447;-7.72052
13;1;29.0256;22.2542;27.5218;36.4582;36.4657;;;2.70855;3.53348;7.96192
14;1;29.0256;41.009;29.2077;18.6477;18.6584;;;-4.79338;-10.0661;-7.50192
15;1;29.0256;30.769;29.3812;22.6371;22.6471;;;-0.697373;-11.5306;4.096
16;1;29.0256;26.9982;29.1429;19.4899;19.4929;;;0.810958;-9.82756;1.50833
17;1;29.0256;28.7872;29.1105;18.5397;18.5416;;;0.0953639;-9.62729;-0.715594
18;1;29.0256;30.6275;29.237;27.905;27.9209;;;-0.640761;-1.3456;-0.736125
19;1;29.0256;22.589;28.7256;32.4402;32.4436;;;2.57465;4.06116;3.21541
20;1;29.0256;32.6692;29.0073;28.1802;28.1879;;;-1.45743;1.00055;-4.03208
21;1;29.0256;22.1442;28.5497;35.8877;35.8983;;;2.75254;6.7809;4.20998
22;1;29.0256;37.9092;29.1347;20.5875;20.5944;;;-3.55346;-7.46226;-6.306
23;1;29.0256;26.7688;28.9955;26.5612;26.5691;;;0.902725;-5.56653;4.45618
24;1;29.0256;26.8426;28.8759;23.9535;23.9656;;;0.873205;-3.7328;-0.0295204
25;1;29.0256;21.9611;28.512;28.9409;28.9556;;;2.82579;2.20136;1.95259
26;1;29.0256;23.7459;28.2737;29.5788;29.5898;;;2.11187;4.43493;-0.713925
27;1;29.0256;22.7256;28.0095;35.3807;35.3809;;;2.52001;9.72695;0.408139
28;1;29.0256;43.2127;28.7005;27.1528;27.1532;;;-5.67482;-2.19018;-8.19483
29;1;29.0256;22.2207;28.4188;36.8654;36.8662;;;2.72195;3.52591;8.39677
30;1;29.0256;41.1708;28.9501;18.5308;18.5416;;;-4.85807;-10.2019;-7.58001
31;1;29.0256;30.366;29.0068;22.8239;22.8307;;;-0.536164;-11.3279;4.3219
32;1;29.0256;26.8438;28.9236;19.6302;19.6431;;;0.872726;-9.49516;1.40889
33;1;29.0256;29.5903;28.9483;18.2963;18.308;;;-0.225897;-9.96954;-1.09862
34;1;29.0256;32.108;29.0611;27.2787;27.2867;;;-1.23297;-2.58924;-1.00708
35;1;29.0256;22.4703;28.8339;31.8648;31.8762;;;2.62214;2.91725;3.85511
36;1;29.0256;30.5865;28.8923;28.3217;28.3381;;;-0.624368;1.60608;-3.24651
37;1;29.0256;22.0927;28.6729;35.6931;35.698;;;2.77315;7.4297;3.39752
38;1;29.0256;37.397;28.9456;20.8948;20.9115;;;-3.34854;-7.03194;-6.1217
39;1;29.0256;26.8297;28.8814;26.7476;26.7526;;;0.878344;-5.18742;4.22689
40;1;29.0256;26.964;28.825;24.2793;24.2827;;;0.824651;-3.45565;-0.0536928
41;1;29.0256;21.5849;28.6182;29.5074;29.523;;;2.97629;2.79456;2.15164
42;1;29.0256;23.964;28.4889;29.2888;29.2894;;;2.02465;4.25177;-0.95164
43;1;29.0256;22.7293;28.3332;35.2823;35.2975;;;2.51851;9.54064;0.493856
44;1;29.0256;42.2476;28.6994;27.5856;27.5871;;;-5.28881;-1.56585;-7.80732
45;1;29.0256;21.8889;28.5248;37.316;37.3168;;;2.85467;4.42896;8.14348
46;1;29.0256;42.1018;28.8642;17.8022;17.8073;;;-5.23048;-10.984;-8.08515
47;1;29.0256;31.6696;28.9326;21.5799;21.5957;;;-1.05761;-13.205;4.17287
48;1;29.0256;28.2932;28.9174;17.347;17.3567;;;0.292959;-12.5898;1.35057
49;1;29.0256;32.5723;29.0024;13.873;13.8853;;;-1.41867;-15.569;-1.71163
50;1;29.0256;28.4238;28.9893;30.8294;30.8415;;;0.240719;0.50551;1.65939
51;1;29.0256;22.459;28.8441;33.493;33.495;;;2.62663;6.02143;2.38591
52;1;29.0256;36.2218;29.0045;27.8148;27.8207;;;-2.8785;-0.0234141;-5.50512
53;1;29.0256;21.9606;28.8547;36.4023;36.4156;;;2.826;5.91118;5.70449
54;1;29.0256;39.5187;29.0768;19.484;19.4929;;;-4.19723;-8.81419;-7.02323
55;1;29.0256;28.7409;29.07;24.5908;24.5997;;;0.113869;-8.57507;4.3111
56;1;29.0256;24.75;28.9836;23.073;23.081;;;1.71023;-4.98358;1.59636
57;1;29.0256;23.1941;28.87;26.0639;26.0684;;;2.33259;-0.0851468;0.622359
58;1;29.0256;22.4327;28.7463;30.9125;30.9249;;;2.63715;5.53802;0.304562
59;1;29.0256;22.8344;28.6347;35.8889;35.8983;;;2.47649;10.7386;-0.160664
60;1;29.0256;44.9378;28.9366;27.104;27.1198;;;-6.36487;-2.62759;-8.84136
61;1;29.0256;22.2219;28.8145;37.1173;37.1333;;;2.72149;3.08754;9.08636
62;1;29.0256;42.098;29.0517;17.9378;17.9408;;;-5.22897;-10.9808;-7.95046
63;1;29.0256;31.8494;29.1008;21.4665;21.4789;;;-1.12951;-13.3528;4.09946
64;1;29.0256;29.2031;29.1026;16.6887;16.6891;;;-0.0709953;-13.5019;1.05851
65;1;29.0256;33.9153;29.1842;12.4653;12.4668;;;-1.95589;-17.6093;-1.8849
66;1;29.0256;22.261;29.0688;35.3108;35.3142;;;2.70584;5.68226;4.66173
67;1;29.0256;33.6826;29.1444;29.0215;29.0224;;;-1.86281;1.77035;-4.56865
68;1;29.0256;28.2248;29.1296;33.1713;33.1779;;;0.320314;2.44301;2.18313
69;1;29.0256;25.1327;29.0661;33.6397;33.6452;;;1.55715;5.71303;1.23684
70;1;29.0256;29.5421;29.0736;27.1379;27.1532;;;-0.206613;-0.433887;-1.76377
71;1;29.0256;21.6005;28.9586;33.5504;33.5618;;;2.97005;5.80322;3.17666
72;1;29.0256;35.3293;29.0551;27.8244;27.8374;;;-2.52146;0.508143;-5.49152
73;1;29.0256;21.6881;28.9452;36.7512;36.7661;;;2.935;6.67165;5.45647
74;1;29.0256;39.7516;29.1041;19.226;19.2425;;;-4.29039;-9.00982;-7.22539
75;1;29.0256;29.0539;29.1034;24.2881;24.2993;;;-0.0113145;-9.03358;4.27908
76;1;29.0256;24.3908;29.036;22.9696;22.9809;;;1.85391;-5.14036;1.86523
77;1;29.0256;22.6192;28.9457;26.1314;26.1351;;;2.56256;0.24101;0.708644
78;1;29.0256;21.878;28.8475;31.0375;31.0417;;;2.85905;6.00401;0.296493
79;1;29.0256;22.1754;28.7561;36.5547;36.5658;;;2.74008;11.7582;-0.118969
80;1;29.0256;46.9529;29.002;26.5702;26.5857;;;-7.17092;-3.30076;-9.911
81;1;29.0256;21.6212;28.9036;37.6346;37.6506;;;2.96177;2.91896;10.1327
82;1;29.0256;42.461;29.082;17.4652;17.4735;;;-5.37415;-11.2857;-8.33593
83;1;29.0256;33.0434;29.1334;20.5426;20.5443;;;-1.60712;-14.6607;3.76703
84;1;29.0256;31.5122;29.1639;14.3806;14.386;;;-0.994635;-16.7494;0.612485
85;1;29.0256;30.3373;29.1788;12.4313;12.4334;;;-0.52469;-17.8513;0.469945
86;1;29.0256;22.2882;29.0926;33.8622;33.8789;;;2.69496;5.65942;3.21965
87;1;29.0256;27.9687;29.0788;32.6665;32.6773;;;0.422756;6.54721;-2.27221
88;1;29.0256;31.9635;29.1139;33.2698;33.2781;;;-1.17517;4.07935;-1.59793
89;1;29.0256;25.3053;29.0681;36.6611;36.666;;;1.48813;7.20441;2.6633
90;1;29.0256;39.1964;29.1886;21.0282;21.0283;;;-4.0683;-8.54343;-5.55642
91;1;29.0256;25.3485;29.1435;26.9038;26.9195;;;1.47083;-5.45468;5.53913
92;1;29.0256;26.5485;29.1133;23.6854;23.6985;;;0.990824;-3.37395;-0.480009
93;1;29.0256;22.0304;29.0319;29.1378;29.1392;;;2.79808;2.50202;1.80725
94;1;29.0256;23.3251;28.967;29.8758;29.8902;;;2.28019;4.78841;-0.517884
95;1;29.0256;22.1279;28.8902;35.9484;35.965;;;2.75909;10.5825;0.4789
96;1;29.0256;49.662;29.121;23.6417;23.6485;;;-8.25456;-6.75206;-11.0137
97;1;29.0256;26.0532;29.0873;32.4305;32.4436;;;1.18898;-4.25521;9.44353
98;1;29.0256;24.6612;29.0392;30.6298;30.6412;;;1.74575;3.66607;0.556772
99;1;29.0256;21.6581;28.9598;35.6611;35.6646;;;2.94701;9.85479;1.20126
100;1;29.0256;42.7852;29.1069;27.1273;27.1365;;;-5.50383;-1.70325;-8.45084
101;1;29.0256;21.1735;29.0234;37.8516;37.8676;;;3.14086;4.89255;8.64469
102;1;29.0256;42.4832;29.1636;17.2719;17.2732;;;-5.38303;-11.3044;-8.52389
103;1;29.0256;31.7931;29.1907;21.3331;21.3454;;;-1.10701;-13.6291;4.27602
104;1;29.0256;28.2776;29.1814;16.9822;16.9895;;;0.299198;-13.0008;1.40621
105;1;29.0256;33.0703;29.2206;13.137;13.151;;;-1.61788;-16.3983;-1.91708
106;1;29.0256;24.9791;29.1782;33.2332;33.2447;;;1.61859;3.39903;3.23646
107;1;29.0256;26.2896;29.1496;32.5571;32.5605;;;1.09439;5.69724;-0.524201
108;1;29.0256;31.715;29.1748;31.9073;31.9096;;;-1.07574;3.43819;-2.17012
109;1;29.0256;20.9834;29.0952;38.6865;38.702;;;3.21688;10.1936;4.29262
110;1;29.0256;45.7191;29.2551;15.1249;15.137;;;-6.6774;-14.0225;-9.89429
111;1;29.0256;32.2731;29.2838;19.6021;19.6097;;;-1.29899;-16.7504;5.37841
112;1;29.0256;32.4907;29.3141;11.3565;11.3653;;;-1.38605;-19.6611;-0.0870612
113;1;29.0256;17.4135;29.2029;18.1823;18.1911;;;4.64486;-9.90692;6.03091
114;1;29.0256;30.4317;29.2142;23.4808;23.4816;;;-0.562453;-1.18115;-5.20731
115;1;29.0256;21.6197;29.1446;33.1467;33.1613;;;2.96238;5.03984;3.52483
116;1;29.0256;34.2151;29.1907;27.7818;27.7874;;;-2.07581;0.680648;-5.03819
117;1;29.0256;21.0453;29.1173;36.8894;36.8996;;;3.19211;7.38407;5.26792
118;1;29.0256;40.4194;29.2182;18.5415;18.5416;;;-4.55752;-9.5708;-7.74963
119;1;29.0256;29.9812;29.2249;23.4007;23.4148;;;-0.382244;-10.3735;4.17528
120;1;29.0256;25.3541;29.191;21.3841;21.3954;;;1.46861;-7.28943;1.85085
121;1;29.0256;25.3994;29.158;22.5883;22.5971;;;1.45048;-4.24343;-0.0181336
122;1;29.0256;22.6912;29.1023;31.6292;31.6425;;;2.53377;5.32092;1.08329
123;1;29.0256;22.1988;29.0433;36.1819;36.182;;;2.73071;11.0554;0.196935
124;1;29.0256;44.5882;29.175;27.3903;27.4035;;;-6.22503;-2.01715;-8.95573
125;1;29.0256;21.1996;29.108;38.2421;38.2514;;;3.13041;4.55671;9.35544
126;1;29.0256;43.5137;29.228;16.6228;16.639;;;-5.79525;-12.17;-8.92566
127