POC;Control ON/OFF;SP;PV;PVavg;PID;EST;;;e;Se;de
;1;36.1216;39.337;39.337;34.0637;27.9465;;;-1.28618;-2.70097;-1.28618
8;1;36.1216;28.8766;34.1068;39.3435;27.9465;;;2.89797;3.38477;4.18415
9;1;36.1216;23.396;30.5365;44.7527;27.9465;;;5.09024;14.0743;2.19226
10;1;36.1216;24.996;29.1514;38.1517;27.9465;;;4.45022;9.34546;-0.640018
11;1;36.1216;24.2642;28.174;48.6056;27.9465;;;4.74296;19.3057;0.292746
12;1;36.1216;29.4684;28.3897;54.9424;27.9465;;;2.66129;24.8944;-2.08168
13;1;36.1216;23.9099;27.7497;66.1701;27.9465;;;4.88467;35.1522;2.22338
14;1;36.1216;24.1644;27.3016;38.8895;27.9465;;;4.78288;10.0441;-0.101782
15;1;36.1216;23.3132;26.8584;49.5801;27.9465;;;5.12333;20.8031;0.340451
16;1;36.1216;29.028;27.0754;56.3412;27.9465;;;2.83744;26.7617;-2.2859
17;1;36.1216;23.4407;26.7449;68.1616;27.9465;;;5.07236;37.4136;2.23492
18;1;36.1216;24.1027;26.5247;38.7413;27.9465;;;4.80756;10.0959;-0.264796
19;1;36.1216;23.4036;26.2847;49.5494;27.9465;;;5.0872;20.779;0.279642
20;1;36.1216;28.8345;26.4668;56.4771;27.9465;;;2.91481;26.9001;-2.17239
21;1;36.1216;23.7547;26.286;68.0217;27.9465;;;4.94675;37.2883;2.03194
22;1;36.1216;24.726;26.1885;38.468;27.9465;;;4.55824;9.57231;-0.388508
23;1;36.1216;23.9807;26.0586;48.9058;27.9465;;;4.85634;19.7706;0.298096
24;1;36.1216;29.434;26.2461;55.3159;27.9465;;;2.67504;25.3882;-2.1813
25;1;36.1216;24.4414;26.1511;66.3101;27.9465;;;4.67207;35.1996;1.99703
26;1;36.1216;25.5945;26.1233;38.1868;27.9465;;;4.21084;8.84276;-0.461237
27;1;36.1216;24.7008;26.0556;48.0628;27.9465;;;4.56832;18.4362;0.35748
28;1;36.1216;30.382;26.2522;53.6628;27.9465;;;2.29583;23.2575;-2.27249
29;1;36.1216;25.2871;26.2103;64.0172;27.9465;;;4.33377;32.3584;2.03794
30;1;36.1216;25.6234;26.1858;38.5066;27.9465;;;4.19928;8.81848;-0.134496
31;1;36.1216;25.062;26.1409;47.8189;27.9465;;;4.42384;18.1085;0.22456
32;1;36.1216;30.354;26.3029;53.4975;27.9465;;;2.30703;22.9533;-2.11681
33;1;36.1216;25.4763;26.2723;63.5808;27.9465;;;4.25813;31.8954;1.9511
34;1;36.1216;26.048;26.2643;38.3105;27.9465;;;4.02943;8.46179;-0.228701
35;1;36.1216;25.4156;26.235;47.4057;27.9465;;;4.28238;17.4548;0.252953
36;1;36.1216;30.8831;26.39;52.6466;27.9465;;;2.09539;21.8551;-2.18699
37;1;36.1216;26.0494;26.379;62.3275;27.9465;;;4.02888;30.3157;1.93349
38;1;36.1216;26.8391;26.3933;38.0334;27.9465;;;3.71297;7.79724;-0.315907
39;1;36.1216;25.6027;26.3694;46.9379;27.9465;;;4.20756;16.6331;0.494594
40;1;36.1216;31.4904;26.52;51.5111;27.9465;;;1.85248;20.5233;-2.35508
41;1;36.1216;26.7246;26.5258;60.8065;27.9465;;;3.75881;28.4168;1.90632
42;1;36.1216;27.4865;26.5525;37.8892;27.9465;;;3.45404;7.25349;-0.304764
43;1;36.1216;26.5971;26.5537;46.0166;27.9465;;;3.80977;15.254;0.355728
44;1;36.1216;32.4695;26.7094;49.9031;27.9465;;;1.46083;18.3217;-2.34894
45;1;36.1216;27.4996;26.7297;58.5005;27.9465;;;3.44877;25.5642;1.98795
46;1;36.1216;28.3763;26.7708;37.6298;27.9465;;;3.09812;6.50606;-0.350651
47;1;36.1216;26.7045;26.7692;45.5564;27.9465;;;3.76681;14.4164;0.66869
48;1;36.1216;32.8183;26.9132;48.8852;27.9465;;;1.32131;17.1911;-2.4455
49;1;36.1216;27.0446;26.9163;57.8007;27.9465;;;3.63081;24.8158;2.3095
50;1;36.1216;28.1272;26.9438;37.6072;27.9465;;;3.19776;6.71529;-0.43305
51;1;36.1216;25.835;26.9192;46.2225;27.9465;;;4.11463;15.356;0.91687
52;1;36.1216;32.3978;27.0383;49.7462;27.9465;;;1.48952;18.484;-2.62511
53;1;36.1216;26.6194;27.0294;59.1974;27.9465;;;3.80087;26.4658;2.31135
54;1;36.1216;27.5417;27.04;37.8118;27.9465;;;3.43194;7.20707;-0.368934
55;1;36.1216;27.1165;27.0416;45.6599;27.9465;;;3.60202;14.7713;0.17008
56;1;36.1216;32.973;27.1602;49.3059;27.9465;;;1.25942;17.4161;-2.3426
57;1;36.1216;27.8659;27.1741;57.5619;27.9465;;;3.30228;24.3509;2.04286
58;1;36.1216;28.1404;27.1927;37.9273;27.9465;;;3.19249;6.70423;-0.109794
59;1;36.1216;27.7693;27.2035;44.9787;27.9465;;;3.34089;13.7201;0.148405
60;1;36.1216;33.9858;27.3291;47.8677;27.9465;;;0.854326;15.5142;-2.48657
61;1;36.1216;28.0836;27.3428;55.9257;27.9465;;;3.21519;22.2661;2.36086
62;1;36.1216;28.8168;27.3692;37.5814;27.9465;;;2.92191;6.13601;-0.29328
63;1;36.1216;26.6591;27.3567;45.3916;27.9465;;;3.78498;14.0845;0.863068
64;1;36.1216;33.9339;27.4701;47.8212;27.9465;;;0.875061;15.9221;-2.90992
65;1;36.1216;26.9088;27.4606;57.0648;27.9465;;;3.6851;23.6608;2.81004
66;1;36.1216;27.6663;27.464;37.8478;27.9465;;;3.3821;7.10241;-0.303002
67;1;36.1216;26.7955;27.4531;45.8106;27.9465;;;3.73044;14.9363;0.348344
68;1;36.1216;34.4951;27.5666;48.3684;27.9465;;;0.650581;16.3026;-3.07986
69;1;36.1216;27.7631;27.5698;57.123;27.9465;;;3.34338;23.3237;2.6928
70;1;36.1216;28.667;27.5869;37.5491;27.9465;;;2.98181;6.26181;-0.361568
71;1;36.1216;27.3461;27.5832;45.0179;27.9465;;;3.51019;13.6332;0.528373
72;1;36.1216;34.0719;27.6815;47.5564;27.9465;;;0.81987;15.3549;-2.69032
73;1;36.1216;27.2339;27.6748;56.3447;27.9465;;;3.55505;22.8205;2.73518
74;1;36.1216;27.8458;27.6774;37.863;27.9465;;;3.3103;6.95164;-0.24475
75;1;36.1216;26.1126;27.6547;46.1686;27.9465;;;4.00359;15.3592;0.693285
76;1;36.1216;33.5645;27.7391;49.1137;27.9465;;;1.02281;17.5071;-2.98078
77;1;36.1216;27.4035;27.7344;58.1854;27.9465;;;3.48721;24.8302;2.4644
78;1;36.1216;28.0495;27.7388;37.8005;27.9465;;;3.22885;6.78058;-0.258367
79;1;36.1216;26.8479;27.7265;45.6085;27.9465;;;3.70947;14.5705;0.480627
80;1;36.1216;33.1254;27.7995;48.9001;27.9465;;;1.19845;17.0872;-2.51102
81;1;36.1216;27.5361;27.796;57.505;27.9465;;;3.43418;24.299;2.23572
82;1;36.1216;28.0688;27.7996;37.8412;27.9465;;;3.2211;6.76431;-0.213078
83;1;36.1216;26.6848;27.7851;45.7043;27.9465;;;3.77472;14.6912;0.553621
84;1;36.1216;32.6158;27.847;49.2818;27.9465;;;1.40232;17.6361;-2.3724
85;1;36.1216;26.4871;27.8298;58.5214;27.9465;;;3.85378;25.729;2.45146
86;1;36.1216;27.0511;27.8201;38.0729;27.9465;;;3.62818;7.61917;-0.2256
87;1;36.1216;25.9452;27.7969;46.6255;27.9465;;;4.07056;16.1674;0.44239
88;1;36.1216;31.949;27.8476;50.8888;27.9465;;;1.66902;19.6723;-2.40155
89;1;36.1216;26.0935;27.8264;60.5428;27.9465;;;4.01122;28.0959;2.3422
90;1;36.1216;26.1811;27.8069;38.4722;27.9465;;;3.97617;8.34996;-0.035048
91;1;36.1216;25.7737;27.7829;47.118;27.9465;;;4.13915;17.0422;0.16298
92;1;36.1216;31.7725;27.8293;51.808;27.9465;;;1.73961;20.6954;-2.39954
93;1;36.1216;26.3644;27.8125;61.3219;27.9465;;;3.90286;28.8914;2.16325
94;1;36.1216;26.9412;27.8026;38.0941;27.9465;;;3.67214;7.7115;-0.230713
95;1;36.1216;26.0307;27.7827;46.6191;27.9465;;;4.03633;16.1878;0.364188
96;1;36.1216;31.6772;27.826;51.1174;27.9465;;;1.77773;19.921;-2.2586
97;1;36.1216;26.2695;27.8089;60.5702;27.9465;;;3.94084;28.1968;2.16311
98;1;36.1216;26.5954;27.7957;38.2775;27.9465;;;3.81048;8.002;-0.13036
99;1;36.1216;25.7549;27.7737;46.9478;27.9465;;;4.14668;16.71;0.336203
100;1;36.1216;31.8442;27.817;51.4224;27.9465;;;1.71096;20.303;-2.43572
101;1;36.1216;26.4457;27.8026;60.9062;27.9465;;;3.87033;28.4307;2.15937
102;1;36.1216;26.7945;27.7921;38.2205;27.9465;;;3.73082;7.83472;-0.139513
103;1;36.1216;25.8644;27.7722;46.7901;27.9465;;;4.10287;16.4507;0.372052
104;1;36.1216;31.7876;27.8132;51.2432;27.9465;;;1.73359;20.0913;-2.36928
105;1;36.1216;26.3356;27.7983;60.7423;27.9465;;;3.91438;28.3115;2.18079
106;1;36.1216;27.159;27.7919;37.9432;27.9465;;;3.58504;7.52858;-0.329345
107;1;36.1216;26.3508;27.7776;46.3184;27.9465;;;3.9083;15.736;0.323263
108;1;36.1216;31.7412;27.8165;50.7527;27.9465;;;1.75216;19.4155;-2.15615
109;1;36.1216;26.1364;27.8001;60.1754;27.9465;;;3.99405;27.803;2.24189
110;1;36.1216;26.4379;27.787;38.3251;27.9465;;;3.87347;8.13429;-0.120581
111;1;36.1216;25.2029;27.7624;47.3703;27.9465;;;4.36746;17.306;0.493995
112;1;36.1216;31.0415;27.7934;52.3113;27.9465;;;2.03201;21.5732;-2.33545
113;1;36.1216;25.3514;27.7706;62.5556;27.9465;;;4.30806;30.6201;2.27605
114;1;36.1216;25.8965;27.7532;38.3575;27.9465;;;4.09001;8.58902;-0.218049
115;1;36.1216;24.7998;27.7261;47.8665;27.9465;;;4.52869;18.0993;0.438684
116;1;36.1216;30.6438;27.7526;53.198;27.9465;;;2.19112;22.7006;-2.33757
117;1;36.1216;25.0804;27.7286;63.6974;27.9465;;;4.41646;31.9752;2.22534
118;1;36.1216;26.0611;27.7137;38.1438;27.9465;;;4.0242;8.45081;-0.392266
119;1;36.1216;24.9175;27.6889;47.7188;27.9465;;;4.48165;17.8623;0.457448
120;1;36.1216;30.9808;27.7178;52.7923;27.9465;;;2.05633;22.1806;-2.42532
121;1;36.1216;25.4295;27.6979;63.0887;27.9465;;;4.27682;31.1619;2.22049
122;1;36.1216;26.0516;27.6837;38.2895;27.9465;;;4.02798;8.45875;-0.24884
123;1;36.1216;24.8307;27.6593;47.7785;27.9465;;;4.51633;17.943;0.488353
124;1;36.1216;30.7213;27.6853;53.0044;27.9465;;;2.16009;22.4792;-2.35624
125;1;36.1216;25.3359;27.6655;63.3436;27.9465;;;4.31427;31.5392;2.15417
126;1;36.1216;25.9196;27.651;38.3365;27.9465;;;4.08077;8.56962;-0.233499
127